0 0 1.0
1 0 1.0
2 0 1.0
3 0 1.0
4 0 1.0
5 0 1.0
791 3878 1.0
1294 2232 1.0
1604 661 1.0
1604 843 1.0
1604 2233 1.0
1604 3880 1.0
1605 790 1.0
1605 1603 1.0
1605 3881 1.0
6 0 1.0
570 2364 1.0
7 0 1.0
948 2149 1.0
948 2154 1.0
948 2699 1.0
948 2877 1.0
948 2893 1.0
3124 8 1.0
8 0 1.0
9 0 1.0
10 0 1.0
1081 3654 1.0
11 0 1.0
263 966 1.0
263 1631 1.0
263 1810 1.0
263 2255 1.0
263 3280 1.0
263 3439 1.0
263 4653 1.0
1643 3723 1.0
1815 823 1.0
1815 2436 1.0
3285 829 1.0
3285 1820 1.0
3285 2738 1.0
3285 3202 1.0
3285 3448 1.0
3285 4658 1.0
3445 2739 1.0
3445 3204 1.0
290 2064 1.0
517 2217 1.0
1027 1840 1.0
2317 2315 1.0
2318 516 1.0
2318 2219 1.0
2318 2316 1.0
2318 4032 1.0
2904 289 1.0
2904 810 1.0
3640 2088 1.0
4033 4038 1.0
4273 930 1.0
482 2393 1.0
482 4028 1.0
3396 1395 1.0
3396 4034 1.0
4035 4038 1.0
2921 2913 1.0
23 847 1.0
23 4021 1.0
2805 849 1.0
2805 4022 1.0
4021 4023 1.0
24 847 1.0
24 4021 1.0
2027 25 1.0
2027 2807 1.0
2806 849 1.0
2806 4022 1.0
25 847 1.0
25 4021 1.0
2807 849 1.0
2807 4022 1.0
26 847 1.0
26 4021 1.0
744 30 1.0
744 184 1.0
744 240 1.0
744 257 1.0
744 342 1.0
744 542 1.0
744 701 1.0
744 748 1.0
744 1177 1.0
744 1764 1.0
744 1923 1.0
744 2587 1.0
744 3480 1.0
744 3619 1.0
1362 1200 1.0
2808 849 1.0
2808 4022 1.0
3246 504 1.0
3246 1931 1.0
3246 2395 1.0
3246 2398 1.0
3246 3403 1.0
3246 4702 1.0
4481 549 1.0
4481 749 1.0
27 188 1.0
27 1069 1.0
27 2560 1.0
27 2925 1.0
1070 1208 1.0
2842 1214 1.0
2926 258 1.0
2926 2844 1.0
188 27 1.0
188 1070 1.0
188 2842 1.0
188 2926 1.0
1069 1208 1.0
2560 2833 1.0
2560 4536 1.0
2925 258 1.0
2925 2844 1.0
28 188 1.0
28 1069 1.0
28 2560 1.0
28 2925 1.0
189 27 1.0
189 1070 1.0
189 2842 1.0
189 2926 1.0
29 188 1.0
29 1069 1.0
29 2560 1.0
29 2925 1.0
190 27 1.0
190 1070 1.0
190 2842 1.0
190 2926 1.0
1071 1208 1.0
2562 2833 1.0
2562 4536 1.0
2927 258 1.0
2927 2844 1.0
257 1760 1.0
342 1761 1.0
542 1823 1.0
542 3750 1.0
748 3481 1.0
2587 540 1.0
2587 1993 1.0
3619 144 1.0
3619 480 1.0
3619 2600 1.0
325 322 1.0
325 1044 1.0
325 3749 1.0
1559 1925 1.0
1559 1955 1.0
1559 2597 1.0
3620 144 1.0
3620 480 1.0
3620 2600 1.0
326 322 1.0
326 1044 1.0
326 3749 1.0
1332 31 1.0
1332 325 1.0
1332 1360 1.0
1332 1559 1.0
1332 3620 1.0
1560 1925 1.0
1560 1955 1.0
1560 2597 1.0
329 322 1.0
329 1044 1.0
329 3749 1.0
3109 216 1.0
3109 907 1.0
3109 927 1.0
3109 2036 1.0
3109 3569 1.0
3109 4250 1.0
3109 4269 1.0
2037 531 1.0
2037 568 1.0
2037 2365 1.0
1199 1198 1.0
536 39 1.0
536 411 1.0
536 536 1.0
537 39 1.0
537 411 1.0
537 536 1.0
2632 287 1.0
2632 2084 1.0
2045 43 1.0
2045 2045 1.0
2045 2358 1.0
2045 4576 1.0
2358 2046 1.0
2358 3689 1.0
4576 2047 1.0
4576 2584 1.0
1303 760 1.0
1303 762 1.0
1303 1300 1.0
1303 1830 1.0
1303 2667 1.0
1303 2861 1.0
1303 4351 1.0
48 525 1.0
48 874 1.0
48 959 1.0
48 2915 1.0
48 3887 1.0
874 1510 1.0
49 525 1.0
49 874 1.0
49 959 1.0
49 2915 1.0
49 3887 1.0
273 2063 1.0
273 2214 1.0
2906 289 1.0
2906 810 1.0
3644 2088 1.0
51 630 1.0
51 4331 1.0
631 53 1.0
631 1309 1.0
631 2998 1.0
961 4335 1.0
1307 4336 1.0
2996 1311 1.0
2996 2882 1.0
2996 4340 1.0
630 53 1.0
630 1309 1.0
630 2998 1.0
52 630 1.0
52 4331 1.0
632 53 1.0
632 1309 1.0
632 2998 1.0
962 4335 1.0
1308 4336 1.0
2997 1311 1.0
2997 2882 1.0
2997 4340 1.0
53 630 1.0
53 4331 1.0
1309 4336 1.0
2998 1311 1.0
2998 2882 1.0
2998 4340 1.0
54 630 1.0
54 4331 1.0
3004 1311 1.0
3004 2882 1.0
3004 4340 1.0
55 630 1.0
55 4331 1.0
486 52 1.0
486 632 1.0
486 962 1.0
486 1308 1.0
486 2997 1.0
486 4333 1.0
633 53 1.0
633 1309 1.0
633 2998 1.0
57 192 1.0
57 3016 1.0
2872 3019 1.0
192 3018 1.0
58 192 1.0
58 3016 1.0
2883 3019 1.0
173 2377 1.0
173 2379 1.0
392 3083 1.0
1359 1143 1.0
1359 2117 1.0
1359 4499 1.0
1857 4378 1.0
2234 5 1.0
2234 791 1.0
2234 1294 1.0
2234 1604 1.0
2234 1605 1.0
4078 3081 1.0
4078 3087 1.0
2402 2405 1.0
1186 1187 1.0
511 316 1.0
511 3512 1.0
3747 2975 1.0
3747 3746 1.0
3747 3817 1.0
72 3890 1.0
3891 1219 1.0
3890 1219 1.0
73 2449 1.0
3158 3156 1.0
3158 3714 1.0
3867 841 1.0
2449 75 1.0
74 2449 1.0
2450 75 1.0
75 2449 1.0
76 2449 1.0
1579 74 1.0
1579 2450 1.0
1579 4513 1.0
2533 2701 1.0
2533 3931 1.0
1609 1608 1.0
1609 2543 1.0
1609 4426 1.0
1611 84 1.0
1611 1877 1.0
2541 666 1.0
2541 1017 1.0
2541 1623 1.0
2941 4427 1.0
1080 3654 1.0
3490 2111 1.0
3490 3986 1.0
772 78 1.0
772 2475 1.0
772 2533 1.0
1877 1612 1.0
852 850 1.0
86 4179 1.0
3968 1021 1.0
3968 2967 1.0
4180 87 1.0
4180 4182 1.0
4179 87 1.0
4179 4182 1.0
87 4179 1.0
4182 88 1.0
4182 4181 1.0
88 4179 1.0
4181 87 1.0
4181 4182 1.0
89 16 1.0
89 4164 1.0
90 16 1.0
90 4164 1.0
93 121 1.0
93 2339 1.0
121 93 1.0
121 2340 1.0
94 121 1.0
94 2339 1.0
95 121 1.0
95 2339 1.0
122 93 1.0
122 2340 1.0
1233 2341 1.0
96 96 1.0
97 96 1.0
448 98 1.0
448 4553 1.0
101 101 1.0
101 476 1.0
102 1508 1.0
345 1170 1.0
3045 109 1.0
3045 459 1.0
3074 152 1.0
3074 3073 1.0
3074 4236 1.0
346 1170 1.0
3046 109 1.0
3046 459 1.0
3075 152 1.0
3075 3073 1.0
3075 4236 1.0
347 1170 1.0
407 103 1.0
407 345 1.0
407 3045 1.0
407 3074 1.0
617 104 1.0
617 346 1.0
617 3046 1.0
617 3075 1.0
3076 152 1.0
3076 3073 1.0
3076 4236 1.0
4485 1289 1.0
4485 1372 1.0
2412 107 1.0
2412 150 1.0
2412 457 1.0
3394 1395 1.0
3394 4034 1.0
3886 14 1.0
3886 482 1.0
3886 3396 1.0
3886 4035 1.0
4030 4038 1.0
296 111 1.0
296 2287 1.0
442 441 1.0
116 116 1.0
117 280 1.0
3516 291 1.0
3516 2526 1.0
3865 119 1.0
3865 335 1.0
3865 358 1.0
3865 533 1.0
3865 995 1.0
3865 2023 1.0
3865 2044 1.0
3865 2527 1.0
3865 2671 1.0
3865 3518 1.0
4112 613 1.0
4112 2528 1.0
4141 120 1.0
4141 534 1.0
4141 2672 1.0
4141 3519 1.0
280 2064 1.0
118 280 1.0
292 2064 1.0
586 924 1.0
586 3630 1.0
586 4261 1.0
811 2071 1.0
2517 3638 1.0
3517 291 1.0
3517 2526 1.0
3628 2905 1.0
3628 3641 1.0
4168 293 1.0
4168 1135 1.0
4198 955 1.0
4696 574 1.0
4696 2039 1.0
4696 3646 1.0
119 280 1.0
335 3182 1.0
358 526 1.0
995 529 1.0
995 620 1.0
2044 1094 1.0
2044 1471 1.0
2044 1678 1.0
2044 2445 1.0
2044 2670 1.0
2671 48 1.0
3518 291 1.0
3518 2526 1.0
120 280 1.0
2672 48 1.0
3519 291 1.0
3519 2526 1.0
2404 2405 1.0
2406 2405 1.0
4547 127 1.0
4547 436 1.0
4547 1567 1.0
4547 2408 1.0
2407 2405 1.0
3627 3626 1.0
3627 4498 1.0
2408 2405 1.0
2409 2405 1.0
2678 134 1.0
2678 1500 1.0
2678 3786 1.0
2678 4395 1.0
4145 139 1.0
4145 1505 1.0
4145 4148 1.0
4146 139 1.0
4146 1505 1.0
4146 4148 1.0
1282 4309 1.0
2019 1280 1.0
2019 4310 1.0
4313 4304 1.0
1981 1986 1.0
1990 143 1.0
1990 1989 1.0
1990 1992 1.0
3683 145 1.0
1983 1986 1.0
1991 143 1.0
1991 1989 1.0
1991 1992 1.0
3684 145 1.0
1989 1984 1.0
1989 1987 1.0
1992 143 1.0
1992 1989 1.0
1992 1992 1.0
2600 2634 1.0
3823 154 1.0
155 4369 1.0
156 815 1.0
157 815 1.0
158 158 1.0
159 3895 1.0
787 2218 1.0
1937 45 1.0
160 3895 1.0
1938 45 1.0
2200 919 1.0
2200 1533 1.0
2200 3024 1.0
2200 4681 1.0
2946 226 1.0
2946 921 1.0
2946 984 1.0
2946 1139 1.0
2946 1343 1.0
2946 1534 1.0
2946 2335 1.0
2946 2460 1.0
2898 288 1.0
2898 2897 1.0
1487 1898 1.0
3730 1715 1.0
765 164 1.0
765 453 1.0
765 765 1.0
765 2410 1.0
765 3610 1.0
2410 107 1.0
2410 150 1.0
2410 457 1.0
166 3758 1.0
2693 167 1.0
2693 221 1.0
2693 4550 1.0
3759 4633 1.0
3758 4633 1.0
167 3758 1.0
4550 4549 1.0
3119 8 1.0
175 175 1.0
176 175 1.0
177 2120 1.0
178 2120 1.0
179 2120 1.0
2092 3837 1.0
2374 3930 1.0
182 2331 1.0
2401 2405 1.0
183 2331 1.0
186 4435 1.0
187 4435 1.0
191 3903 1.0
2629 3900 1.0
2629 3967 1.0
3506 383 1.0
1700 3723 1.0
3089 2391 1.0
198 1630 1.0
198 3181 1.0
1630 3723 1.0
199 1630 1.0
199 3181 1.0
1663 3723 1.0
3165 1703 1.0
200 1630 1.0
200 3181 1.0
201 1630 1.0
201 3181 1.0
1676 3723 1.0
202 1630 1.0
202 3181 1.0
1817 823 1.0
1817 2436 1.0
203 1630 1.0
203 3181 1.0
204 1630 1.0
204 3181 1.0
1697 3723 1.0
2736 2253 1.0
2736 2265 1.0
3174 1703 1.0
3214 1483 1.0
3214 1705 1.0
3214 2254 1.0
3214 3178 1.0
3214 3201 1.0
3214 3727 1.0
205 1630 1.0
205 3181 1.0
1721 3723 1.0
206 4099 1.0
207 207 1.0
208 2062 1.0
209 2062 1.0
285 2064 1.0
3372 3378 1.0
210 2062 1.0
1156 283 1.0
1156 806 1.0
1156 926 1.0
907 1024 1.0
907 2035 1.0
2036 531 1.0
2036 568 1.0
2036 2365 1.0
3569 572 1.0
3569 909 1.0
4269 930 1.0
639 1 1.0
776 1431 1.0
2426 2863 1.0
2567 46 1.0
2567 1119 1.0
2567 3376 1.0
219 1047 1.0
219 1397 1.0
1047 1401 1.0
1047 2261 1.0
1397 2262 1.0
2694 167 1.0
2694 221 1.0
2694 4550 1.0
2811 1022 1.0
2811 3224 1.0
2811 3308 1.0
3795 3888 1.0
224 1137 1.0
224 2040 1.0
978 2074 1.0
1138 1969 1.0
1337 2078 1.0
2041 569 1.0
1137 1969 1.0
2040 569 1.0
225 1137 1.0
225 2040 1.0
4204 228 1.0
4204 922 1.0
4204 986 1.0
4204 1345 1.0
4204 1535 1.0
4204 2042 1.0
226 1137 1.0
226 2040 1.0
984 2074 1.0
1139 1969 1.0
1343 2078 1.0
2460 940 1.0
2460 2459 1.0
227 1137 1.0
227 2040 1.0
228 1137 1.0
228 2040 1.0
986 2074 1.0
1345 2078 1.0
2042 569 1.0
229 1356 1.0
229 3500 1.0
3500 1358 1.0
230 1356 1.0
230 3500 1.0
3501 1358 1.0
232 4229 1.0
234 2630 1.0
243 243 1.0
730 2188 1.0
2593 247 1.0
2593 300 1.0
2593 732 1.0
2593 1728 1.0
2593 2190 1.0
2593 2712 1.0
2593 3104 1.0
2593 3377 1.0
732 2188 1.0
1728 214 1.0
3104 216 1.0
3104 907 1.0
3104 927 1.0
3104 2036 1.0
3104 3569 1.0
3104 4250 1.0
3104 4269 1.0
3552 251 1.0
3552 1285 1.0
3552 3680 1.0
3552 4328 1.0
1285 250 1.0
1285 3552 1.0
1285 4327 1.0
255 255 1.0
256 255 1.0
258 2823 1.0
258 4081 1.0
2844 1214 1.0
2823 1212 1.0
2823 2834 1.0
2823 2840 1.0
4081 2838 1.0
4081 2841 1.0
259 966 1.0
259 1631 1.0
259 1810 1.0
259 2255 1.0
259 3280 1.0
259 3439 1.0
259 4653 1.0
1811 823 1.0
1811 2436 1.0
3440 2739 1.0
3440 3204 1.0
1631 3723 1.0
1810 823 1.0
1810 2436 1.0
3280 829 1.0
3280 1820 1.0
3280 2738 1.0
3280 3202 1.0
3280 3448 1.0
3280 4658 1.0
3439 2739 1.0
3439 3204 1.0
4653 831 1.0
4653 2270 1.0
4653 2743 1.0
4653 3209 1.0
4653 3288 1.0
4653 3452 1.0
260 966 1.0
260 1631 1.0
260 1810 1.0
260 2255 1.0
260 3280 1.0
260 3439 1.0
260 4653 1.0
492 1082 1.0
492 2728 1.0
492 3282 1.0
492 3442 1.0
492 4647 1.0
492 4655 1.0
492 4663 1.0
1633 3723 1.0
1812 823 1.0
1812 2436 1.0
3281 829 1.0
3281 1820 1.0
3281 2738 1.0
3281 3202 1.0
3281 3448 1.0
3281 4658 1.0
3441 2739 1.0
3441 3204 1.0
4496 975 1.0
4496 2268 1.0
4496 3286 1.0
4496 3449 1.0
4496 4659 1.0
4496 4664 1.0
4646 2742 1.0
4646 3451 1.0
4646 4651 1.0
4646 4661 1.0
4646 4665 1.0
4654 831 1.0
4654 2270 1.0
4654 2743 1.0
4654 3209 1.0
4654 3288 1.0
4654 3452 1.0
261 966 1.0
261 1631 1.0
261 1810 1.0
261 2255 1.0
261 3280 1.0
261 3439 1.0
261 4653 1.0
493 1082 1.0
493 2728 1.0
493 3282 1.0
493 3442 1.0
493 4647 1.0
493 4655 1.0
493 4663 1.0
1813 823 1.0
1813 2436 1.0
3283 829 1.0
3283 1820 1.0
3283 2738 1.0
3283 3202 1.0
3283 3448 1.0
3283 4658 1.0
3443 2739 1.0
3443 3204 1.0
4648 2742 1.0
4648 3451 1.0
4648 4651 1.0
4648 4661 1.0
4648 4665 1.0
4656 831 1.0
4656 2270 1.0
4656 2743 1.0
4656 3209 1.0
4656 3288 1.0
4656 3452 1.0
262 966 1.0
262 1631 1.0
262 1810 1.0
262 2255 1.0
262 3280 1.0
262 3439 1.0
262 4653 1.0
421 259 1.0
421 1811 1.0
421 3440 1.0
1640 3723 1.0
1814 823 1.0
1814 2436 1.0
3284 829 1.0
3284 1820 1.0
3284 2738 1.0
3284 3202 1.0
3284 3448 1.0
3284 4658 1.0
3444 2739 1.0
3444 3204 1.0
4649 2742 1.0
4649 3451 1.0
4649 4651 1.0
4649 4661 1.0
4649 4665 1.0
4657 831 1.0
4657 2270 1.0
4657 2743 1.0
4657 3209 1.0
4657 3288 1.0
4657 3452 1.0
264 966 1.0
264 1631 1.0
264 1810 1.0
264 2255 1.0
264 3280 1.0
264 3439 1.0
264 4653 1.0
1819 823 1.0
1819 2436 1.0
2060 202 1.0
2060 972 1.0
2060 1817 1.0
2060 2264 1.0
2060 2437 1.0
4497 975 1.0
4497 2268 1.0
4497 3286 1.0
4497 3449 1.0
4497 4659 1.0
4497 4664 1.0
265 966 1.0
265 1631 1.0
265 1810 1.0
265 2255 1.0
265 3280 1.0
265 3439 1.0
265 4653 1.0
1822 823 1.0
1822 2436 1.0
3287 829 1.0
3287 1820 1.0
3287 2738 1.0
3287 3202 1.0
3287 3448 1.0
3287 4658 1.0
3450 2739 1.0
3450 3204 1.0
4660 831 1.0
4660 2270 1.0
4660 2743 1.0
4660 3209 1.0
4660 3288 1.0
4660 3452 1.0
1314 1252 1.0
267 2063 1.0
267 2214 1.0
3631 2088 1.0
4613 3802 1.0
268 2063 1.0
268 2214 1.0
3150 271 1.0
3150 604 1.0
3150 3639 1.0
3150 4372 1.0
3632 2088 1.0
269 2063 1.0
269 2214 1.0
281 2064 1.0
804 2071 1.0
2896 288 1.0
2896 2897 1.0
2901 289 1.0
2901 810 1.0
3025 2899 1.0
3633 2088 1.0
270 2063 1.0
270 2214 1.0
808 2071 1.0
1123 2077 1.0
2473 1122 1.0
2474 920 1.0
2903 289 1.0
2903 810 1.0
3637 2088 1.0
271 2063 1.0
271 2214 1.0
3639 2088 1.0
4372 605 1.0
272 2063 1.0
272 2214 1.0
813 2071 1.0
2519 3638 1.0
3629 2905 1.0
3629 3641 1.0
3643 2088 1.0
274 2063 1.0
274 2214 1.0
1054 1401 1.0
1054 2261 1.0
2907 289 1.0
2907 810 1.0
3645 2088 1.0
4068 1052 1.0
4068 1405 1.0
275 1148 1.0
803 2071 1.0
1148 710 1.0
276 3686 1.0
3693 277 1.0
3693 3687 1.0
3693 3694 1.0
277 3686 1.0
3694 277 1.0
3694 3687 1.0
3694 3694 1.0
278 3686 1.0
3695 277 1.0
3695 3687 1.0
3695 3694 1.0
279 3686 1.0
3696 277 1.0
3696 3687 1.0
3696 3694 1.0
282 2064 1.0
283 2064 1.0
806 2071 1.0
284 2064 1.0
286 2064 1.0
1006 282 1.0
1006 2075 1.0
287 2064 1.0
288 2064 1.0
2897 288 1.0
2897 2897 1.0
289 2064 1.0
810 2071 1.0
291 2064 1.0
293 2064 1.0
294 2064 1.0
4403 294 1.0
4403 4403 1.0
4403 4408 1.0
4408 594 1.0
295 275 1.0
295 707 1.0
295 803 1.0
295 2065 1.0
1149 710 1.0
298 112 1.0
298 296 1.0
298 1040 1.0
298 2288 1.0
2333 149 1.0
2333 2290 1.0
299 112 1.0
299 296 1.0
299 1040 1.0
299 2288 1.0
3105 216 1.0
3105 907 1.0
3105 927 1.0
3105 2036 1.0
3105 3569 1.0
3105 4250 1.0
3105 4269 1.0
3560 908 1.0
3560 4274 1.0
4400 931 1.0
4400 4280 1.0
472 4260 1.0
1457 471 1.0
1457 1011 1.0
1457 2556 1.0
2011 2008 1.0
2011 4264 1.0
2095 3567 1.0
2095 4266 1.0
2557 196 1.0
3106 216 1.0
3106 907 1.0
3106 927 1.0
3106 2036 1.0
3106 3569 1.0
3106 4250 1.0
3106 4269 1.0
3558 3563 1.0
3558 4401 1.0
3570 572 1.0
3570 909 1.0
4195 955 1.0
4270 930 1.0
2096 3567 1.0
2096 4266 1.0
3107 216 1.0
3107 907 1.0
3107 927 1.0
3107 2036 1.0
3107 3569 1.0
3107 4250 1.0
3107 4269 1.0
3559 3563 1.0
3559 4401 1.0
3571 572 1.0
3571 909 1.0
4196 955 1.0
4271 930 1.0
334 3182 1.0
463 1634 1.0
463 1785 1.0
463 1888 1.0
463 2434 1.0
558 1636 1.0
558 3162 1.0
558 3184 1.0
1033 951 1.0
1033 2076 1.0
1482 1898 1.0
1702 3723 1.0
2061 202 1.0
2061 972 1.0
2061 1817 1.0
2061 2264 1.0
2061 2437 1.0
2128 1096 1.0
2128 1474 1.0
2128 1681 1.0
2128 1906 1.0
2390 704 1.0
2491 2731 1.0
2491 3169 1.0
2495 2387 1.0
2495 2502 1.0
2495 2732 1.0
2495 3170 1.0
2503 1421 1.0
2503 2733 1.0
2503 3171 1.0
3108 216 1.0
3108 907 1.0
3108 927 1.0
3108 2036 1.0
3108 3569 1.0
3108 4250 1.0
3108 4269 1.0
3176 1703 1.0
3213 1704 1.0
3213 3177 1.0
3213 3200 1.0
3447 2739 1.0
3447 3204 1.0
4197 955 1.0
4272 930 1.0
3324 310 1.0
3324 4512 1.0
313 1201 1.0
313 2480 1.0
313 2824 1.0
2249 315 1.0
2249 876 1.0
2249 1008 1.0
2249 2484 1.0
2249 2829 1.0
2249 2851 1.0
2481 2831 1.0
2481 2839 1.0
2480 2831 1.0
2480 2839 1.0
2824 1212 1.0
2824 2834 1.0
2824 2840 1.0
314 1201 1.0
314 2480 1.0
314 2824 1.0
315 1201 1.0
315 2480 1.0
315 2824 1.0
876 1202 1.0
876 2250 1.0
876 2482 1.0
876 2826 1.0
876 2845 1.0
876 2849 1.0
876 2853 1.0
1008 1204 1.0
1008 2483 1.0
1008 2827 1.0
1008 2846 1.0
1008 2850 1.0
1008 2854 1.0
2484 2831 1.0
2484 2839 1.0
2829 1212 1.0
2829 2834 1.0
2829 2840 1.0
2851 1215 1.0
2851 2487 1.0
2851 2836 1.0
2851 2847 1.0
2851 2855 1.0
3512 3515 1.0
602 320 1.0
602 602 1.0
602 4215 1.0
603 320 1.0
603 602 1.0
603 4215 1.0
322 322 1.0
322 1044 1.0
322 3749 1.0
1044 1046 1.0
3749 327 1.0
323 322 1.0
323 1044 1.0
323 3749 1.0
324 322 1.0
324 1044 1.0
324 3749 1.0
327 322 1.0
327 1044 1.0
327 3749 1.0
328 322 1.0
328 1044 1.0
328 3749 1.0
330 3182 1.0
461 1634 1.0
461 1785 1.0
461 1888 1.0
461 2434 1.0
656 261 1.0
656 493 1.0
656 968 1.0
656 1813 1.0
656 2257 1.0
656 3186 1.0
656 3283 1.0
656 3443 1.0
656 4648 1.0
656 4656 1.0
1195 199 1.0
1195 1663 1.0
1195 3165 1.0
1649 3723 1.0
2492 2387 1.0
2492 2502 1.0
2492 2732 1.0
2492 3170 1.0
3164 1703 1.0
3892 3206 1.0
3892 3893 1.0
4619 265 1.0
4619 976 1.0
4619 1822 1.0
4619 2269 1.0
4619 3208 1.0
4619 3287 1.0
4619 3450 1.0
4619 4660 1.0
331 3182 1.0
556 1636 1.0
556 3162 1.0
556 3184 1.0
3211 1704 1.0
3211 3177 1.0
3211 3200 1.0
332 3182 1.0
668 4689 1.0
2274 4692 1.0
333 3182 1.0
763 491 1.0
763 583 1.0
763 925 1.0
763 1084 1.0
763 2468 1.0
809 2071 1.0
1691 3723 1.0
2388 704 1.0
2494 2387 1.0
2494 2502 1.0
2494 2732 1.0
2494 3170 1.0
336 3182 1.0
2446 2082 1.0
2446 3043 1.0
2498 333 1.0
2498 763 1.0
2498 809 1.0
2498 1691 1.0
2498 2031 1.0
2498 2388 1.0
2498 2494 1.0
2498 3116 1.0
337 1184 1.0
338 1184 1.0
339 1184 1.0
341 1562 1.0
343 2870 1.0
343 3767 1.0
2870 3019 1.0
3767 2886 1.0
3767 3945 1.0
3767 3958 1.0
344 2870 1.0
344 3767 1.0
348 1170 1.0
349 349 1.0
349 3555 1.0
350 349 1.0
350 3555 1.0
3061 2362 1.0
352 526 1.0
989 529 1.0
989 620 1.0
2802 357 1.0
2802 532 1.0
2802 867 1.0
2802 994 1.0
2802 2553 1.0
2802 4132 1.0
353 526 1.0
735 693 1.0
735 1745 1.0
990 529 1.0
990 620 1.0
1650 3723 1.0
2296 1478 1.0
2296 1687 1.0
354 526 1.0
991 529 1.0
991 620 1.0
355 526 1.0
952 567 1.0
952 2073 1.0
952 3636 1.0
992 529 1.0
992 620 1.0
2240 1477 1.0
2240 1686 1.0
2240 1909 1.0
2500 1421 1.0
2500 2733 1.0
2500 3171 1.0
356 526 1.0
993 529 1.0
993 620 1.0
1548 1542 1.0
1548 3534 1.0
1673 3723 1.0
1963 1032 1.0
1963 1093 1.0
1963 1544 1.0
1963 1549 1.0
1963 1674 1.0
1963 1904 1.0
357 526 1.0
994 529 1.0
994 620 1.0
359 232 1.0
359 4230 1.0
2418 2422 1.0
2418 4407 1.0
4064 2417 1.0
4287 2323 1.0
363 2152 1.0
2167 2158 1.0
4186 3871 1.0
2152 2158 1.0
364 2992 1.0
364 3904 1.0
364 3964 1.0
751 1015 1.0
751 1788 1.0
751 3828 1.0
1800 373 1.0
1800 1016 1.0
1800 1180 1.0
1800 1792 1.0
1800 3836 1.0
2992 2983 1.0
365 2992 1.0
365 3904 1.0
365 3964 1.0
366 2992 1.0
366 3904 1.0
366 3964 1.0
367 2992 1.0
367 3904 1.0
367 3964 1.0
2778 1019 1.0
368 2992 1.0
368 3904 1.0
368 3964 1.0
369 2992 1.0
369 3904 1.0
369 3964 1.0
2754 2781 1.0
2757 2755 1.0
2757 2756 1.0
2757 2758 1.0
2757 2760 1.0
2757 2763 1.0
370 2992 1.0
370 3904 1.0
370 3964 1.0
371 3577 1.0
372 2507 1.0
1291 2232 1.0
2507 1564 1.0
2507 1942 1.0
2507 2506 1.0
1016 1803 1.0
1016 3832 1.0
375 375 1.0
375 2581 1.0
376 68 1.0
376 2402 1.0
376 2633 1.0
376 4444 1.0
377 68 1.0
377 2402 1.0
377 2633 1.0
377 4444 1.0
1958 2598 1.0
1442 1430 1.0
2535 388 1.0
2535 4014 1.0
391 3083 1.0
4079 66 1.0
4079 173 1.0
4079 392 1.0
4079 946 1.0
4079 1230 1.0
4079 1359 1.0
4079 1857 1.0
4079 2113 1.0
4079 2234 1.0
4079 3082 1.0
4079 4078 1.0
4079 4379 1.0
3083 3079 1.0
3228 212 1.0
3228 3996 1.0
4640 3953 1.0
396 396 1.0
397 396 1.0
398 2403 1.0
398 4353 1.0
2403 2405 1.0
4353 4354 1.0
781 1384 1.0
781 3566 1.0
781 4342 1.0
403 520 1.0
403 1433 1.0
1433 1430 1.0
404 520 1.0
404 1433 1.0
405 520 1.0
405 1433 1.0
2299 2521 1.0
406 103 1.0
406 345 1.0
406 3045 1.0
406 3074 1.0
616 104 1.0
616 346 1.0
616 3046 1.0
616 3075 1.0
408 103 1.0
408 345 1.0
408 3045 1.0
408 3074 1.0
618 104 1.0
618 346 1.0
618 3046 1.0
618 3075 1.0
1114 1733 1.0
1732 1115 1.0
1737 1116 1.0
1737 1731 1.0
1737 1734 1.0
1737 2923 1.0
1118 1733 1.0
1736 1115 1.0
1738 1116 1.0
1738 1731 1.0
1738 1734 1.0
1738 2923 1.0
427 1262 1.0
427 1459 1.0
427 1632 1.0
427 1887 1.0
427 2125 1.0
427 2126 1.0
427 2130 1.0
427 2727 1.0
427 3427 1.0
427 4688 1.0
501 224 1.0
501 915 1.0
501 978 1.0
501 1138 1.0
501 1337 1.0
501 1529 1.0
501 2041 1.0
501 2216 1.0
1468 1898 1.0
1667 3723 1.0
2136 1475 1.0
2136 1682 1.0
2136 1907 1.0
2136 4385 1.0
3428 1917 1.0
3589 1713 1.0
4565 187 1.0
1262 1665 1.0
1459 1898 1.0
1632 3723 1.0
2125 431 1.0
2125 1263 1.0
2125 1473 1.0
2125 1680 1.0
2125 1905 1.0
2125 2127 1.0
2125 2137 1.0
2125 2729 1.0
2125 3167 1.0
2125 3430 1.0
2125 4679 1.0
2125 4691 1.0
2126 1096 1.0
2126 1474 1.0
2126 1681 1.0
2126 1906 1.0
2130 1475 1.0
2130 1682 1.0
2130 1907 1.0
2130 4385 1.0
2727 2253 1.0
2727 2265 1.0
3427 1917 1.0
428 1262 1.0
428 1459 1.0
428 1632 1.0
428 1887 1.0
428 2125 1.0
428 2126 1.0
428 2130 1.0
428 2727 1.0
428 3427 1.0
428 4688 1.0
502 224 1.0
502 915 1.0
502 978 1.0
502 1138 1.0
502 1337 1.0
502 1529 1.0
502 2041 1.0
502 2216 1.0
1031 951 1.0
1031 2076 1.0
1443 427 1.0
1443 501 1.0
1443 1468 1.0
1443 1667 1.0
1443 1897 1.0
1443 2136 1.0
1443 3428 1.0
1443 3589 1.0
1443 4565 1.0
1443 4567 1.0
1443 4677 1.0
1668 3723 1.0
3419 1485 1.0
3429 1917 1.0
3596 1714 1.0
3596 2660 1.0
3596 3599 1.0
429 1262 1.0
429 1459 1.0
429 1632 1.0
429 1887 1.0
429 2125 1.0
429 2126 1.0
429 2130 1.0
429 2727 1.0
429 3427 1.0
429 4688 1.0
807 2071 1.0
1191 462 1.0
1191 1467 1.0
1191 1895 1.0
3420 1485 1.0
430 1262 1.0
430 1459 1.0
430 1632 1.0
430 1887 1.0
430 2125 1.0
430 2126 1.0
430 2130 1.0
430 2727 1.0
430 3427 1.0
430 4688 1.0
1472 1898 1.0
1679 3723 1.0
431 1262 1.0
431 1459 1.0
431 1632 1.0
431 1887 1.0
431 2125 1.0
431 2126 1.0
431 2130 1.0
431 2727 1.0
431 3427 1.0
431 4688 1.0
1263 1665 1.0
1473 1898 1.0
1680 3723 1.0
2127 1096 1.0
2127 1474 1.0
2127 1681 1.0
2127 1906 1.0
2137 1475 1.0
2137 1682 1.0
2137 1907 1.0
2137 4385 1.0
2729 2253 1.0
2729 2265 1.0
3167 1703 1.0
3430 1917 1.0
432 1262 1.0
432 1459 1.0
432 1632 1.0
432 1887 1.0
432 2125 1.0
432 2126 1.0
432 2130 1.0
432 2727 1.0
432 3427 1.0
432 4688 1.0
503 224 1.0
503 915 1.0
503 978 1.0
503 1138 1.0
503 1337 1.0
503 1529 1.0
503 2041 1.0
503 2216 1.0
953 567 1.0
953 2073 1.0
953 3636 1.0
1476 1898 1.0
1685 3723 1.0
2138 1475 1.0
2138 1682 1.0
2138 1907 1.0
2138 4385 1.0
3421 1485 1.0
3432 1917 1.0
3590 1713 1.0
3738 2173 1.0
3738 3179 1.0
3738 3424 1.0
3738 3435 1.0
3738 3537 1.0
4566 187 1.0
433 1262 1.0
433 1459 1.0
433 1632 1.0
433 1887 1.0
433 2125 1.0
433 2126 1.0
433 2130 1.0
433 2727 1.0
433 3427 1.0
433 4688 1.0
581 580 1.0
1264 1665 1.0
1320 1896 1.0
1320 3721 1.0
1693 3723 1.0
2140 1475 1.0
2140 1682 1.0
2140 1907 1.0
2140 4385 1.0
2657 1694 1.0
434 434 1.0
1234 211 1.0
1234 438 1.0
714 3249 1.0
2002 2001 1.0
441 441 1.0
3312 447 1.0
3312 687 1.0
3312 770 1.0
3312 2119 1.0
3313 447 1.0
3313 687 1.0
3313 770 1.0
3313 2119 1.0
2308 446 1.0
2308 686 1.0
770 444 1.0
770 684 1.0
770 3313 1.0
449 98 1.0
449 4553 1.0
450 786 1.0
450 1581 1.0
450 2215 1.0
1851 1844 1.0
1851 2724 1.0
786 2218 1.0
1581 1583 1.0
451 786 1.0
451 1581 1.0
451 2215 1.0
1077 3654 1.0
2867 2881 1.0
1634 3723 1.0
1785 1672 1.0
1785 1901 1.0
462 1634 1.0
462 1785 1.0
462 1888 1.0
462 2434 1.0
1467 1898 1.0
464 2764 1.0
571 2364 1.0
1945 465 1.0
1945 1945 1.0
1818 823 1.0
1818 2436 1.0
1946 465 1.0
1946 1945 1.0
2059 202 1.0
2059 972 1.0
2059 1817 1.0
2059 2264 1.0
2059 2437 1.0
469 3520 1.0
3521 469 1.0
3521 3521 1.0
3520 469 1.0
3520 3521 1.0
470 4260 1.0
2554 196 1.0
4260 930 1.0
471 4260 1.0
2556 196 1.0
473 4260 1.0
4275 930 1.0
474 4598 1.0
4471 4608 1.0
4598 2989 1.0
4598 2994 1.0
475 1509 1.0
1162 283 1.0
1162 806 1.0
1162 926 1.0
1716 3723 1.0
2471 906 1.0
2471 2083 1.0
2471 2231 1.0
3036 204 1.0
3036 705 1.0
3036 941 1.0
3036 1697 1.0
3036 1912 1.0
3036 2736 1.0
3036 3174 1.0
3036 3197 1.0
3036 3214 1.0
3036 3548 1.0
3067 895 1.0
3067 1102 1.0
3067 1481 1.0
3067 1699 1.0
3067 1838 1.0
3067 2242 1.0
3067 2346 1.0
3067 2430 1.0
3067 4268 1.0
3499 768 1.0
3499 3653 1.0
3499 3733 1.0
4277 930 1.0
481 2276 1.0
481 2279 1.0
2279 1417 1.0
2279 2278 1.0
2279 4323 1.0
4028 4038 1.0
483 2393 1.0
483 4028 1.0
4037 4038 1.0
4278 930 1.0
484 2452 1.0
3602 2457 1.0
485 1876 1.0
485 3991 1.0
1876 4002 1.0
487 57 1.0
487 2872 1.0
3095 58 1.0
3095 2883 1.0
488 57 1.0
488 2872 1.0
3096 58 1.0
3096 2883 1.0
489 57 1.0
489 2872 1.0
846 964 1.0
846 3000 1.0
2876 3019 1.0
3097 58 1.0
3097 2883 1.0
3226 212 1.0
3226 3996 1.0
490 57 1.0
490 2872 1.0
2160 2158 1.0
3098 58 1.0
3098 2883 1.0
4075 700 1.0
4075 2888 1.0
4075 3777 1.0
4075 3781 1.0
491 862 1.0
491 923 1.0
491 4126 1.0
491 4626 1.0
583 924 1.0
583 3630 1.0
583 4261 1.0
2468 906 1.0
2468 2083 1.0
2468 2231 1.0
4626 4136 1.0
2728 2253 1.0
2728 2265 1.0
3282 829 1.0
3282 1820 1.0
3282 2738 1.0
3282 3202 1.0
3282 3448 1.0
3282 4658 1.0
3442 2739 1.0
3442 3204 1.0
4647 2742 1.0
4647 3451 1.0
4647 4651 1.0
4647 4661 1.0
4647 4665 1.0
4655 831 1.0
4655 2270 1.0
4655 2743 1.0
4655 3209 1.0
4655 3288 1.0
4655 3452 1.0
4663 832 1.0
4663 977 1.0
4663 1725 1.0
4663 2271 1.0
4663 2440 1.0
4663 2744 1.0
4663 3210 1.0
4663 3289 1.0
4663 3453 1.0
4663 4652 1.0
4663 4662 1.0
4663 4666 1.0
494 1082 1.0
494 2728 1.0
494 3282 1.0
494 3442 1.0
494 4647 1.0
494 4655 1.0
494 4663 1.0
655 261 1.0
655 493 1.0
655 968 1.0
655 1813 1.0
655 2257 1.0
655 3186 1.0
655 3283 1.0
655 3443 1.0
655 4648 1.0
655 4656 1.0
1648 3723 1.0
3869 2439 1.0
4618 265 1.0
4618 976 1.0
4618 1822 1.0
4618 2269 1.0
4618 3208 1.0
4618 3287 1.0
4618 3450 1.0
4618 4660 1.0
4650 2742 1.0
4650 3451 1.0
4650 4651 1.0
4650 4661 1.0
4650 4665 1.0
2018 1280 1.0
2018 4310 1.0
4157 4314 1.0
496 563 1.0
3085 3079 1.0
4076 3080 1.0
4076 3086 1.0
4077 3081 1.0
4077 3087 1.0
4085 67 1.0
4085 1231 1.0
660 789 1.0
660 1602 1.0
660 3877 1.0
842 3879 1.0
679 267 1.0
679 3631 1.0
679 4613 1.0
4298 4303 1.0
4487 165 1.0
499 499 1.0
499 1593 1.0
1593 1594 1.0
500 499 1.0
500 1593 1.0
1595 1594 1.0
504 124 1.0
504 2404 1.0
2398 1556 1.0
2398 3402 1.0
4702 505 1.0
4702 1934 1.0
4702 2396 1.0
4702 3406 1.0
4702 4703 1.0
505 124 1.0
505 2404 1.0
4703 505 1.0
4703 1934 1.0
4703 2396 1.0
4703 3406 1.0
4703 4703 1.0
506 2774 1.0
506 2976 1.0
2782 1019 1.0
4582 2187 1.0
4582 2783 1.0
4582 2987 1.0
4582 3343 1.0
4582 3400 1.0
4605 2989 1.0
4605 2994 1.0
2774 1019 1.0
2226 1878 1.0
2226 3923 1.0
2226 4457 1.0
4458 4461 1.0
4458 4463 1.0
510 3359 1.0
510 4334 1.0
3360 965 1.0
3360 3008 1.0
3359 965 1.0
3359 3008 1.0
515 2791 1.0
2790 2792 1.0
2790 2794 1.0
3383 2320 1.0
2791 2792 1.0
2791 2794 1.0
516 2217 1.0
2316 2315 1.0
4032 4038 1.0
3978 524 1.0
3978 3978 1.0
949 567 1.0
949 2073 1.0
949 3636 1.0
1460 1898 1.0
1639 3723 1.0
568 2364 1.0
2365 824 1.0
538 1166 1.0
1166 324 1.0
539 1166 1.0
540 1166 1.0
541 1166 1.0
1998 1675 1.0
3750 327 1.0
543 1823 1.0
543 3750 1.0
1808 545 1.0
1808 1432 1.0
1808 2456 1.0
1808 2588 1.0
1827 2711 1.0
544 1823 1.0
544 3750 1.0
1809 546 1.0
545 1823 1.0
545 3750 1.0
1432 1429 1.0
1432 1438 1.0
2588 540 1.0
2588 1993 1.0
546 1823 1.0
546 3750 1.0
547 1823 1.0
547 3750 1.0
2589 540 1.0
2589 1993 1.0
548 1823 1.0
548 3750 1.0
2505 548 1.0
2505 2505 1.0
549 1823 1.0
549 3750 1.0
749 3481 1.0
550 4292 1.0
3138 3493 1.0
4292 4303 1.0
551 4292 1.0
3139 3493 1.0
4098 4089 1.0
4098 4093 1.0
4098 4096 1.0
554 4599 1.0
2185 2780 1.0
2185 2981 1.0
2185 4601 1.0
4599 2989 1.0
4599 2994 1.0
555 1045 1.0
3266 555 1.0
3266 3266 1.0
1045 1046 1.0
1636 3723 1.0
3162 1703 1.0
557 1636 1.0
557 3162 1.0
557 3184 1.0
1695 3723 1.0
3173 1703 1.0
3212 1704 1.0
3212 3177 1.0
3212 3200 1.0
2272 1520 1.0
565 2364 1.0
899 1024 1.0
899 2035 1.0
2400 2405 1.0
2364 824 1.0
566 2364 1.0
950 567 1.0
950 2073 1.0
950 3636 1.0
3634 2088 1.0
4193 955 1.0
567 2364 1.0
3636 2088 1.0
569 2364 1.0
572 2364 1.0
909 1024 1.0
909 2035 1.0
573 2364 1.0
896 566 1.0
896 950 1.0
896 1541 1.0
896 2072 1.0
896 3634 1.0
896 4193 1.0
1161 283 1.0
1161 806 1.0
1161 926 1.0
574 2364 1.0
2039 531 1.0
2039 568 1.0
2039 2365 1.0
3646 2088 1.0
576 4674 1.0
771 576 1.0
771 771 1.0
4155 4314 1.0
2768 1408 1.0
2768 3492 1.0
4158 4314 1.0
580 580 1.0
3630 2088 1.0
4261 930 1.0
584 924 1.0
584 3630 1.0
584 4261 1.0
1644 3723 1.0
2034 531 1.0
2034 568 1.0
2034 2365 1.0
2131 1475 1.0
2131 1682 1.0
2131 1907 1.0
2131 4385 1.0
585 924 1.0
585 3630 1.0
585 4261 1.0
2555 196 1.0
3395 1395 1.0
3395 4034 1.0
4139 587 1.0
4139 3398 1.0
4139 4200 1.0
4140 588 1.0
4140 2558 1.0
4140 3399 1.0
4140 4061 1.0
4140 4201 1.0
4192 955 1.0
587 924 1.0
587 3630 1.0
587 4261 1.0
3398 1395 1.0
3398 4034 1.0
4200 955 1.0
588 924 1.0
588 3630 1.0
588 4261 1.0
2558 196 1.0
3399 1395 1.0
3399 4034 1.0
4061 797 1.0
4061 1007 1.0
4201 955 1.0
589 924 1.0
589 3630 1.0
589 4261 1.0
2559 196 1.0
592 592 1.0
593 592 1.0
4406 594 1.0
594 592 1.0
595 3671 1.0
3673 3944 1.0
3671 3944 1.0
596 3671 1.0
2382 595 1.0
2382 3673 1.0
4602 2989 1.0
4602 2994 1.0
597 2955 1.0
597 2957 1.0
606 1513 1.0
606 1515 1.0
1516 1514 1.0
1513 606 1.0
1513 1516 1.0
1515 1514 1.0
608 159 1.0
608 787 1.0
608 1937 1.0
2695 167 1.0
2695 221 1.0
2695 4550 1.0
609 159 1.0
609 787 1.0
609 1937 1.0
610 159 1.0
610 787 1.0
610 1937 1.0
611 159 1.0
611 787 1.0
611 1937 1.0
612 159 1.0
612 787 1.0
612 1937 1.0
2932 4454 1.0
613 2523 1.0
614 614 1.0
615 3271 1.0
3264 3274 1.0
1043 619 1.0
1043 1043 1.0
1136 622 1.0
1136 1136 1.0
1136 4711 1.0
4711 624 1.0
4712 624 1.0
625 56 1.0
625 3658 1.0
3320 999 1.0
634 634 1.0
634 3541 1.0
634 3896 1.0
3896 135 1.0
3896 1501 1.0
3896 3543 1.0
3896 3606 1.0
635 634 1.0
635 3541 1.0
635 3896 1.0
637 1 1.0
1735 1115 1.0
3539 1164 1.0
3539 4365 1.0
3772 2886 1.0
3772 3945 1.0
3772 3958 1.0
3780 3776 1.0
3780 3946 1.0
3780 3959 1.0
638 1 1.0
641 673 1.0
641 3382 1.0
3362 2950 1.0
3382 674 1.0
642 673 1.0
642 3382 1.0
3361 3363 1.0
644 1554 1.0
645 1554 1.0
4475 217 1.0
4475 1557 1.0
805 2071 1.0
3635 2088 1.0
647 4163 1.0
3321 648 1.0
3321 868 1.0
3321 4133 1.0
3321 4627 1.0
648 4163 1.0
4627 4136 1.0
3118 8 1.0
653 1979 1.0
3897 135 1.0
3897 1501 1.0
3897 3543 1.0
3897 3606 1.0
1979 2237 1.0
654 3252 1.0
1407 578 1.0
1407 2768 1.0
1407 4150 1.0
4311 4304 1.0
1739 658 1.0
1739 4418 1.0
1739 4629 1.0
4417 4420 1.0
4418 4420 1.0
789 3878 1.0
1602 661 1.0
1602 843 1.0
1602 2233 1.0
1602 3880 1.0
661 789 1.0
661 1602 1.0
661 3877 1.0
843 3879 1.0
2233 5 1.0
2233 791 1.0
2233 1294 1.0
2233 1604 1.0
2233 1605 1.0
662 789 1.0
662 1602 1.0
662 3877 1.0
844 3879 1.0
1601 497 1.0
1601 660 1.0
1601 842 1.0
1601 2236 1.0
664 3464 1.0
4018 3468 1.0
665 3464 1.0
4019 3468 1.0
4073 138 1.0
4073 512 1.0
4073 1282 1.0
4073 1504 1.0
4073 2019 1.0
4073 4313 1.0
4162 4314 1.0
4317 4304 1.0
4468 4161 1.0
4468 4466 1.0
1017 1803 1.0
1017 3832 1.0
1623 3510 1.0
1470 1898 1.0
1670 3723 1.0
1727 1671 1.0
1727 3724 1.0
672 4531 1.0
3469 1350 1.0
3469 3466 1.0
3826 1312 1.0
3826 1497 1.0
4532 1295 1.0
4532 3470 1.0
4532 3472 1.0
4532 3846 1.0
4531 1295 1.0
4531 3470 1.0
4531 3472 1.0
4531 3846 1.0
678 267 1.0
678 3631 1.0
678 4613 1.0
4616 680 1.0
4616 3803 1.0
680 267 1.0
680 3631 1.0
680 4613 1.0
3803 3888 1.0
689 244 1.0
1853 246 1.0
690 690 1.0
691 1584 1.0
1798 3835 1.0
1584 3 1.0
2752 2751 1.0
2752 3859 1.0
693 2033 1.0
1745 736 1.0
1745 4546 1.0
2033 531 1.0
2033 568 1.0
2033 2365 1.0
694 2033 1.0
695 2033 1.0
1353 694 1.0
1880 142 1.0
696 3053 1.0
2372 2716 1.0
699 4569 1.0
4569 699 1.0
700 2874 1.0
700 3768 1.0
700 3779 1.0
700 4074 1.0
2888 3019 1.0
3777 2886 1.0
3777 3945 1.0
3777 3958 1.0
3781 3776 1.0
3781 3946 1.0
3781 3959 1.0
2874 3019 1.0
3768 2886 1.0
3768 3945 1.0
3768 3958 1.0
3779 3776 1.0
3779 3946 1.0
3779 3959 1.0
4074 700 1.0
4074 2888 1.0
4074 3777 1.0
4074 3781 1.0
702 702 1.0
1698 3723 1.0
2461 940 1.0
2461 2459 1.0
712 3249 1.0
713 3249 1.0
721 794 1.0
721 4052 1.0
3064 895 1.0
3064 1102 1.0
3064 1481 1.0
3064 1699 1.0
3064 1838 1.0
3064 2242 1.0
3064 2346 1.0
3064 2430 1.0
3064 4268 1.0
722 722 1.0
3874 311 1.0
3706 3707 1.0
729 886 1.0
1306 3003 1.0
1306 4479 1.0
3005 1311 1.0
3005 2882 1.0
3005 4340 1.0
731 2188 1.0
733 2188 1.0
734 306 1.0
736 693 1.0
736 1745 1.0
4546 127 1.0
4546 436 1.0
4546 1567 1.0
4546 2408 1.0
737 2056 1.0
2054 737 1.0
2054 2054 1.0
2054 2057 1.0
738 2056 1.0
2055 737 1.0
2055 2054 1.0
2055 2057 1.0
2809 1022 1.0
2809 3224 1.0
2809 3308 1.0
747 2579 1.0
747 4102 1.0
2810 1022 1.0
2810 3224 1.0
2810 3308 1.0
4066 1052 1.0
4066 1405 1.0
2812 1022 1.0
2812 3224 1.0
2812 3308 1.0
743 30 1.0
743 184 1.0
743 240 1.0
743 257 1.0
743 342 1.0
743 542 1.0
743 701 1.0
743 748 1.0
743 1177 1.0
743 1764 1.0
743 1923 1.0
743 2587 1.0
743 3480 1.0
743 3619 1.0
2399 1556 1.0
2399 3402 1.0
4154 1719 1.0
4154 1933 1.0
4480 549 1.0
4480 749 1.0
745 750 1.0
745 1799 1.0
753 1015 1.0
753 1788 1.0
753 3828 1.0
1802 373 1.0
1802 1016 1.0
1802 1180 1.0
1802 1792 1.0
1802 3836 1.0
3783 2007 1.0
750 1015 1.0
750 1788 1.0
750 3828 1.0
1799 373 1.0
1799 1016 1.0
1799 1180 1.0
1799 1792 1.0
1799 3836 1.0
746 746 1.0
2579 2578 1.0
1015 1803 1.0
1015 3832 1.0
752 1015 1.0
752 1788 1.0
752 3828 1.0
1797 3835 1.0
1801 373 1.0
1801 1016 1.0
1801 1180 1.0
1801 1792 1.0
1801 3836 1.0
754 1406 1.0
754 2463 1.0
754 2683 1.0
754 2767 1.0
1406 578 1.0
1406 2768 1.0
1406 4150 1.0
2463 654 1.0
2463 1407 1.0
2463 4311 1.0
2767 1408 1.0
2767 3492 1.0
755 2916 1.0
757 364 1.0
757 751 1.0
757 878 1.0
757 1789 1.0
757 1800 1.0
757 3830 1.0
2179 4581 1.0
758 863 1.0
758 4127 1.0
759 759 1.0
759 761 1.0
759 1299 1.0
759 1825 1.0
759 2663 1.0
759 2857 1.0
759 4348 1.0
761 1826 1.0
761 2664 1.0
761 2858 1.0
761 4349 1.0
1299 1829 1.0
1299 2666 1.0
1299 2860 1.0
1299 4350 1.0
1825 2711 1.0
2663 1304 1.0
4348 1004 1.0
4348 1064 1.0
4348 1305 1.0
4348 4577 1.0
4348 4597 1.0
760 759 1.0
760 761 1.0
760 1299 1.0
760 1825 1.0
760 2663 1.0
760 2857 1.0
760 4348 1.0
762 1826 1.0
762 2664 1.0
762 2858 1.0
762 4349 1.0
1300 1829 1.0
1300 2666 1.0
1300 2860 1.0
1300 4350 1.0
1830 2711 1.0
2667 1304 1.0
4351 1004 1.0
4351 1064 1.0
4351 1305 1.0
4351 4577 1.0
4351 4597 1.0
1826 2711 1.0
2664 1304 1.0
4349 1004 1.0
4349 1064 1.0
4349 1305 1.0
4349 4577 1.0
4349 4597 1.0
764 3296 1.0
3296 764 1.0
766 766 1.0
766 1954 1.0
766 4545 1.0
1954 2598 1.0
4545 127 1.0
4545 436 1.0
4545 1567 1.0
4545 2408 1.0
767 160 1.0
767 180 1.0
767 1938 1.0
767 3144 1.0
4632 3761 1.0
768 160 1.0
768 180 1.0
768 1938 1.0
768 3144 1.0
769 160 1.0
769 180 1.0
769 1938 1.0
769 3144 1.0
773 2608 1.0
773 3487 1.0
773 4586 1.0
3988 773 1.0
3988 3988 1.0
3487 2111 1.0
3487 3986 1.0
4586 2784 1.0
4586 2988 1.0
4586 3950 1.0
4586 3960 1.0
4586 4585 1.0
4586 4610 1.0
775 42 1.0
2441 2438 1.0
1431 1429 1.0
1431 1438 1.0
777 1074 1.0
777 1859 1.0
778 1088 1.0
778 1461 1.0
778 1647 1.0
778 1890 1.0
778 2043 1.0
778 2652 1.0
778 3720 1.0
2658 1694 1.0
2866 1101 1.0
2866 2865 1.0
2866 3726 1.0
3725 1715 1.0
1461 1898 1.0
1647 3723 1.0
2043 1094 1.0
2043 1471 1.0
2043 1678 1.0
2043 2445 1.0
2043 2670 1.0
2652 1694 1.0
3720 1715 1.0
779 1061 1.0
779 1410 1.0
779 2252 1.0
779 3898 1.0
1061 1333 1.0
1061 3899 1.0
1410 2880 1.0
1410 3955 1.0
2252 3926 1.0
780 1061 1.0
780 1410 1.0
780 2252 1.0
780 3898 1.0
3551 3839 1.0
4672 1796 1.0
4672 2787 1.0
4672 2990 1.0
1384 782 1.0
3566 572 1.0
3566 909 1.0
782 1384 1.0
782 3566 1.0
782 4342 1.0
783 1384 1.0
783 3566 1.0
783 4342 1.0
784 1384 1.0
784 3566 1.0
784 4342 1.0
2094 3567 1.0
2094 4266 1.0
2735 2253 1.0
2735 2265 1.0
2295 4573 1.0
788 2218 1.0
1940 45 1.0
790 3878 1.0
1603 661 1.0
1603 843 1.0
1603 2233 1.0
1603 3880 1.0
792 723 1.0
792 3050 1.0
792 3874 1.0
1007 282 1.0
1007 2075 1.0
1224 1842 1.0
1224 1849 1.0
1224 2722 1.0
1225 1842 1.0
1225 1849 1.0
1225 2722 1.0
1226 1842 1.0
1226 1849 1.0
1226 2722 1.0
812 2071 1.0
2518 3638 1.0
3642 2088 1.0
4111 272 1.0
4111 813 1.0
4111 2519 1.0
4111 3629 1.0
4111 3643 1.0
4370 49 1.0
4370 273 1.0
4370 2906 1.0
4370 3644 1.0
4370 4416 1.0
4615 274 1.0
4615 1054 1.0
4615 2907 1.0
4615 3645 1.0
4615 4068 1.0
4615 4104 1.0
4635 2433 1.0
4635 4281 1.0
4635 4402 1.0
814 814 1.0
1864 3613 1.0
2636 818 1.0
2636 1585 1.0
2636 2004 1.0
2636 4631 1.0
2821 157 1.0
1585 3 1.0
2004 817 1.0
4631 3761 1.0
1865 3613 1.0
1403 2262 1.0
1419 1402 1.0
1419 2263 1.0
3446 2739 1.0
3446 3204 1.0
1701 3723 1.0
2737 2253 1.0
2737 2265 1.0
3175 1703 1.0
1820 823 1.0
1820 2436 1.0
2738 2253 1.0
2738 2265 1.0
3448 2739 1.0
3448 3204 1.0
4658 831 1.0
4658 2270 1.0
4658 2743 1.0
4658 3209 1.0
4658 3288 1.0
4658 3452 1.0
2743 2253 1.0
2743 2265 1.0
3288 829 1.0
3288 1820 1.0
3288 2738 1.0
3288 3202 1.0
3288 3448 1.0
3288 4658 1.0
3452 2739 1.0
3452 3204 1.0
1725 3723 1.0
2744 2253 1.0
2744 2265 1.0
3289 829 1.0
3289 1820 1.0
3289 2738 1.0
3289 3202 1.0
3289 3448 1.0
3289 4658 1.0
3453 2739 1.0
3453 3204 1.0
4652 2742 1.0
4652 3451 1.0
4652 4651 1.0
4652 4661 1.0
4652 4665 1.0
4662 831 1.0
4662 2270 1.0
4662 2743 1.0
4662 3209 1.0
4662 3288 1.0
4662 3452 1.0
4666 832 1.0
4666 977 1.0
4666 1725 1.0
4666 2271 1.0
4666 2440 1.0
4666 2744 1.0
4666 3210 1.0
4666 3289 1.0
4666 3453 1.0
4666 4652 1.0
4666 4662 1.0
4666 4666 1.0
834 834 1.0
835 2206 1.0
835 2638 1.0
835 4476 1.0
2639 2211 1.0
2638 2211 1.0
4476 2212 1.0
3609 1112 1.0
3609 3112 1.0
3842 4396 1.0
845 79 1.0
845 1607 1.0
845 1609 1.0
845 1611 1.0
845 2541 1.0
845 2941 1.0
845 3915 1.0
845 4424 1.0
845 4431 1.0
2944 4427 1.0
964 4335 1.0
3000 1311 1.0
3000 2882 1.0
3000 4340 1.0
898 1765 1.0
4022 4023 1.0
850 850 1.0
851 850 1.0
1614 84 1.0
1614 1877 1.0
3120 8 1.0
855 2868 1.0
3307 2869 1.0
2868 2881 1.0
1018 1803 1.0
1018 3832 1.0
4027 2945 1.0
4419 4420 1.0
861 2582 1.0
861 2707 1.0
2583 44 1.0
2583 1303 1.0
2582 44 1.0
2582 1303 1.0
872 1573 1.0
873 1573 1.0
875 1510 1.0
2250 1209 1.0
2250 2485 1.0
2250 2830 1.0
2250 4083 1.0
2482 2831 1.0
2482 2839 1.0
2826 1212 1.0
2826 2834 1.0
2826 2840 1.0
2845 2486 1.0
2845 2835 1.0
2845 2852 1.0
2849 1215 1.0
2849 2487 1.0
2849 2836 1.0
2849 2847 1.0
2849 2855 1.0
2853 1216 1.0
2853 2488 1.0
2853 2837 1.0
2853 2848 1.0
1283 3339 1.0
1283 3367 1.0
1283 3368 1.0
2788 1019 1.0
3127 8 1.0
3338 3369 1.0
3338 3937 1.0
3379 3939 1.0
4152 1409 1.0
4152 4159 1.0
4152 4467 1.0
4308 4304 1.0
4470 665 1.0
4470 4019 1.0
4470 4073 1.0
4470 4162 1.0
4470 4317 1.0
4470 4468 1.0
4470 4469 1.0
3471 3467 1.0
894 566 1.0
894 950 1.0
894 1541 1.0
894 2072 1.0
894 3634 1.0
894 4193 1.0
1159 283 1.0
1159 806 1.0
1159 926 1.0
895 566 1.0
895 950 1.0
895 1541 1.0
895 2072 1.0
895 3634 1.0
895 4193 1.0
1481 1898 1.0
1699 3723 1.0
1838 4211 1.0
2242 1477 1.0
2242 1686 1.0
2242 1909 1.0
2346 3568 1.0
4268 930 1.0
2035 531 1.0
2035 568 1.0
2035 2365 1.0
900 1024 1.0
900 2035 1.0
1155 283 1.0
1155 806 1.0
1155 926 1.0
901 1024 1.0
901 2035 1.0
902 1024 1.0
902 2035 1.0
903 1024 1.0
903 2035 1.0
904 1024 1.0
904 2035 1.0
905 1024 1.0
905 2035 1.0
1833 903 1.0
1834 904 1.0
906 1024 1.0
906 2035 1.0
2231 2080 1.0
908 1024 1.0
908 2035 1.0
4274 930 1.0
910 1024 1.0
910 2035 1.0
3572 572 1.0
3572 909 1.0
911 1024 1.0
911 2035 1.0
2887 3019 1.0
979 2074 1.0
1338 2078 1.0
2198 919 1.0
2198 1533 1.0
2198 3024 1.0
2198 4681 1.0
1816 823 1.0
1816 2436 1.0
1962 1032 1.0
1962 1093 1.0
1962 1544 1.0
1962 1549 1.0
1962 1674 1.0
1962 1904 1.0
3982 3981 1.0
2199 919 1.0
2199 1533 1.0
2199 3024 1.0
2199 4681 1.0
2012 2008 1.0
2012 4264 1.0
4279 930 1.0
4280 930 1.0
956 932 1.0
2459 940 1.0
2459 2459 1.0
942 4142 1.0
2026 25 1.0
2026 2807 1.0
2006 945 1.0
4065 4067 1.0
2149 2157 1.0
2154 2158 1.0
2877 3019 1.0
951 567 1.0
951 2073 1.0
951 3636 1.0
954 567 1.0
954 2073 1.0
954 3636 1.0
985 2074 1.0
1344 2078 1.0
955 567 1.0
955 2073 1.0
955 3636 1.0
1271 3230 1.0
1872 957 1.0
1872 1271 1.0
1872 3231 1.0
1872 3993 1.0
963 4335 1.0
2873 3019 1.0
965 4335 1.0
3008 1311 1.0
3008 2882 1.0
3008 4340 1.0
3286 829 1.0
3286 1820 1.0
3286 2738 1.0
3286 3202 1.0
3286 3448 1.0
3286 4658 1.0
3449 2739 1.0
3449 3204 1.0
4659 831 1.0
4659 2270 1.0
4659 2743 1.0
4659 3209 1.0
4659 3288 1.0
4659 3452 1.0
4664 832 1.0
4664 977 1.0
4664 1725 1.0
4664 2271 1.0
4664 2440 1.0
4664 2744 1.0
4664 3210 1.0
4664 3289 1.0
4664 3453 1.0
4664 4652 1.0
4664 4662 1.0
4664 4666 1.0
980 2074 1.0
1339 2078 1.0
981 2074 1.0
1340 2078 1.0
4245 987 1.0
4245 1346 1.0
4245 4686 1.0
4247 988 1.0
4247 1347 1.0
4247 4246 1.0
982 2074 1.0
1341 2078 1.0
2530 983 1.0
2530 1342 1.0
983 2074 1.0
1342 2078 1.0
987 2074 1.0
1346 2078 1.0
988 2074 1.0
1347 2078 1.0
4246 987 1.0
4246 1346 1.0
4246 4686 1.0
3319 999 1.0
3457 1001 1.0
1301 760 1.0
1301 762 1.0
1301 1300 1.0
1301 1830 1.0
1301 2667 1.0
1301 2861 1.0
1301 4351 1.0
1828 2711 1.0
2665 1304 1.0
1302 760 1.0
1302 762 1.0
1302 1300 1.0
1302 1830 1.0
1302 2667 1.0
1302 2861 1.0
1302 4351 1.0
2770 2772 1.0
2770 4596 1.0
4594 3963 1.0
1064 2708 1.0
1305 760 1.0
1305 762 1.0
1305 1300 1.0
1305 1830 1.0
1305 2667 1.0
1305 2861 1.0
1305 4351 1.0
4577 2047 1.0
4577 2584 1.0
4597 3963 1.0
1005 2420 1.0
1005 4405 1.0
2420 2416 1.0
4405 594 1.0
2483 2831 1.0
2483 2839 1.0
2827 1212 1.0
2827 2834 1.0
2827 2840 1.0
2846 2486 1.0
2846 2835 1.0
2846 2852 1.0
2850 1215 1.0
2850 2487 1.0
2850 2836 1.0
2850 2847 1.0
2850 2855 1.0
2854 1216 1.0
2854 2488 1.0
2854 2837 1.0
2854 2848 1.0
1014 1014 1.0
2967 86 1.0
2967 1020 1.0
2967 3968 1.0
2967 4180 1.0
1026 1840 1.0
2725 1846 1.0
1028 951 1.0
1028 2076 1.0
1547 1542 1.0
1547 3534 1.0
1637 3723 1.0
1953 356 1.0
1953 993 1.0
1953 1543 1.0
1953 1548 1.0
1953 1673 1.0
1953 1903 1.0
1953 1963 1.0
1961 1032 1.0
1961 1093 1.0
1961 1544 1.0
1961 1549 1.0
1961 1674 1.0
1961 1904 1.0
1029 951 1.0
1029 2076 1.0
2205 1158 1.0
2205 1683 1.0
2205 2079 1.0
2205 2230 1.0
2205 3431 1.0
2383 704 1.0
1030 951 1.0
1030 2076 1.0
1032 951 1.0
1032 2076 1.0
1549 1542 1.0
1549 3534 1.0
1674 3723 1.0
1034 951 1.0
1034 2076 1.0
1720 3723 1.0
1999 1675 1.0
2661 1694 1.0
3594 1713 1.0
3894 3206 1.0
3894 3893 1.0
1035 1240 1.0
1239 1036 1.0
1240 1036 1.0
1036 1240 1.0
1037 1240 1.0
1241 1036 1.0
1038 1240 1.0
1242 1036 1.0
1042 4414 1.0
1046 1046 1.0
1401 2262 1.0
1048 1401 1.0
1048 2261 1.0
1049 1401 1.0
1049 2261 1.0
1050 1401 1.0
1050 2261 1.0
1051 1401 1.0
1051 2261 1.0
1052 1401 1.0
1052 2261 1.0
1405 2262 1.0
1053 1401 1.0
1053 2261 1.0
1055 2380 1.0
1056 3557 1.0
1057 3557 1.0
3066 895 1.0
3066 1102 1.0
3066 1481 1.0
3066 1699 1.0
3066 1838 1.0
3066 2242 1.0
3066 2346 1.0
3066 2430 1.0
3066 4268 1.0
1062 1333 1.0
1062 3899 1.0
1063 1333 1.0
1063 3899 1.0
1072 1208 1.0
3654 9 1.0
1078 3654 1.0
1079 3654 1.0
3101 1587 1.0
3101 4491 1.0
3101 4551 1.0
1664 3723 1.0
1666 3723 1.0
1471 1898 1.0
1678 3723 1.0
2445 2082 1.0
2445 3043 1.0
2670 48 1.0
1474 1898 1.0
1681 3723 1.0
2303 1479 1.0
2303 1688 1.0
2303 1910 1.0
2303 2139 1.0
2303 2241 1.0
2389 704 1.0
2865 778 1.0
2865 2658 1.0
2865 2866 1.0
2865 3725 1.0
3726 1715 1.0
1708 3723 1.0
2143 1475 1.0
2143 1682 1.0
2143 1907 1.0
2143 4385 1.0
3236 3239 1.0
3236 3728 1.0
3729 1715 1.0
1192 462 1.0
1192 1467 1.0
1192 1895 1.0
1486 1898 1.0
1712 3723 1.0
3422 1485 1.0
3433 1917 1.0
3592 1713 1.0
3736 1193 1.0
3736 1488 1.0
3736 1717 1.0
3736 1919 1.0
3736 3423 1.0
3736 3434 1.0
3736 3593 1.0
3736 3740 1.0
3739 2173 1.0
3739 3179 1.0
3739 3424 1.0
3739 3435 1.0
3739 3537 1.0
4013 2920 1.0
4387 1108 1.0
1656 3723 1.0
1113 1733 1.0
1733 1115 1.0
1115 1733 1.0
1116 1733 1.0
1734 1115 1.0
1117 1733 1.0
1507 2110 1.0
3123 8 1.0
4604 2989 1.0
4604 2994 1.0
1120 2077 1.0
1121 2077 1.0
2472 1122 1.0
1122 2077 1.0
1124 2077 1.0
2470 906 1.0
2470 2083 1.0
2470 2231 1.0
3588 2469 1.0
3588 3585 1.0
3588 3587 1.0
1140 1969 1.0
2197 918 1.0
2197 1097 1.0
2197 1532 1.0
2197 2199 1.0
2197 4680 1.0
2202 919 1.0
2202 1533 1.0
2202 3024 1.0
2202 4681 1.0
2947 226 1.0
2947 921 1.0
2947 984 1.0
2947 1139 1.0
2947 1343 1.0
2947 1534 1.0
2947 2335 1.0
2947 2460 1.0
4499 183 1.0
1153 1328 1.0
1154 1328 1.0
1157 283 1.0
1157 806 1.0
1157 926 1.0
1158 283 1.0
1158 806 1.0
1158 926 1.0
1683 3723 1.0
2230 2080 1.0
3431 1917 1.0
1160 283 1.0
1160 806 1.0
1160 926 1.0
3473 1545 1.0
3473 4177 1.0
1167 324 1.0
1168 324 1.0
3416 3796 1.0
1174 2912 1.0
1176 422 1.0
1182 3862 1.0
1187 1187 1.0
1190 462 1.0
1190 1467 1.0
1190 1895 1.0
1464 1898 1.0
1886 429 1.0
1886 807 1.0
1886 1191 1.0
1886 1883 1.0
1886 1902 1.0
1886 3420 1.0
2239 1477 1.0
2239 1686 1.0
2239 1909 1.0
3035 204 1.0
3035 705 1.0
3035 941 1.0
3035 1697 1.0
3035 1912 1.0
3035 2736 1.0
3035 3174 1.0
3035 3197 1.0
3035 3214 1.0
3035 3548 1.0
3037 706 1.0
3037 1698 1.0
3037 1913 1.0
3037 2461 1.0
3037 3198 1.0
3418 1485 1.0
3980 1124 1.0
1193 462 1.0
1193 1467 1.0
1193 1895 1.0
1488 1898 1.0
1717 3723 1.0
3423 1485 1.0
3434 1917 1.0
3593 1713 1.0
3740 2173 1.0
3740 3179 1.0
3740 3424 1.0
3740 3435 1.0
3740 3537 1.0
1194 462 1.0
1194 1467 1.0
1194 1895 1.0
1490 1898 1.0
3426 1485 1.0
3437 1917 1.0
3595 1713 1.0
3737 1193 1.0
3737 1488 1.0
3737 1717 1.0
3737 1919 1.0
3737 3423 1.0
3737 3434 1.0
3737 3593 1.0
3737 3740 1.0
1196 199 1.0
1196 1663 1.0
1196 3165 1.0
2496 2387 1.0
2496 2502 1.0
2496 2732 1.0
2496 3170 1.0
1198 1198 1.0
2828 1212 1.0
2828 2834 1.0
2828 2840 1.0
2485 2831 1.0
2485 2839 1.0
2830 1212 1.0
2830 2834 1.0
2830 2840 1.0
4083 2838 1.0
4083 2841 1.0
2832 1212 1.0
2832 2834 1.0
2832 2840 1.0
1223 1841 1.0
2834 1212 1.0
2834 2834 1.0
2834 2840 1.0
2840 1213 1.0
2487 2831 1.0
2487 2839 1.0
2836 1212 1.0
2836 2834 1.0
2836 2840 1.0
2847 2486 1.0
2847 2835 1.0
2847 2852 1.0
2855 1216 1.0
2855 2488 1.0
2855 2837 1.0
2855 2848 1.0
2488 2831 1.0
2488 2839 1.0
2837 1212 1.0
2837 2834 1.0
2837 2840 1.0
2848 2486 1.0
2848 2835 1.0
2848 2852 1.0
1222 2568 1.0
4122 4124 1.0
4123 4121 1.0
1849 1844 1.0
1849 2724 1.0
2722 1846 1.0
1227 1843 1.0
1227 1850 1.0
1227 2569 1.0
1227 2723 1.0
1227 3990 1.0
1850 1844 1.0
1850 2724 1.0
2723 1846 1.0
1232 2341 1.0
1870 1869 1.0
2538 3995 1.0
4049 4048 1.0
2539 3995 1.0
4050 4048 1.0
1237 2628 1.0
1492 1469 1.0
1492 1899 1.0
1492 3722 1.0
1492 4678 1.0
1238 1036 1.0
1319 1896 1.0
1319 3721 1.0
1244 901 1.0
1244 1025 1.0
1244 4446 1.0
1246 1245 1.0
1245 901 1.0
1245 1025 1.0
1245 4446 1.0
3564 572 1.0
3564 909 1.0
4262 930 1.0
4628 1253 1.0
4628 3573 1.0
3565 572 1.0
3565 909 1.0
4263 930 1.0
3573 572 1.0
3573 909 1.0
1255 2878 1.0
1255 3001 1.0
1255 3966 1.0
1256 2879 1.0
1256 3002 1.0
2878 3019 1.0
3001 1311 1.0
3001 2882 1.0
3001 4340 1.0
3966 3902 1.0
2879 3019 1.0
3002 1311 1.0
3002 2882 1.0
3002 4340 1.0
1257 2208 1.0
1257 3483 1.0
1258 1775 1.0
4589 1412 1.0
4589 4588 1.0
1259 1261 1.0
1259 4008 1.0
1260 1261 1.0
1260 4008 1.0
1665 3723 1.0
1266 1266 1.0
1268 3672 1.0
2681 2686 1.0
2681 3298 1.0
3297 2330 1.0
3672 3944 1.0
1270 3230 1.0
4000 3999 1.0
1272 3230 1.0
3858 1274 1.0
3858 3998 1.0
1273 3230 1.0
3058 3056 1.0
1274 3230 1.0
2540 3995 1.0
4051 4048 1.0
1279 4309 1.0
2676 133 1.0
2676 1499 1.0
2676 2678 1.0
2676 4394 1.0
4070 138 1.0
4070 512 1.0
4070 1282 1.0
4070 1504 1.0
4070 2019 1.0
4070 4313 1.0
4307 4304 1.0
4309 4304 1.0
1280 4309 1.0
4310 4304 1.0
1281 4309 1.0
4296 4303 1.0
3339 3337 1.0
3339 3370 1.0
3339 3938 1.0
3339 4464 1.0
3367 3371 1.0
3368 4493 1.0
1284 250 1.0
1284 3552 1.0
1284 4327 1.0
1286 3069 1.0
1287 3069 1.0
3970 2937 1.0
3970 2940 1.0
1290 2232 1.0
3954 3901 1.0
2232 5 1.0
2232 791 1.0
2232 1294 1.0
2232 1604 1.0
2232 1605 1.0
1292 2232 1.0
1293 2232 1.0
3470 1350 1.0
3470 3466 1.0
3472 3467 1.0
1829 2711 1.0
2666 1304 1.0
4350 1004 1.0
4350 1064 1.0
4350 1305 1.0
4350 4577 1.0
4350 4597 1.0
1304 760 1.0
1304 762 1.0
1304 1300 1.0
1304 1830 1.0
1304 2667 1.0
1304 2861 1.0
1304 4351 1.0
3003 1311 1.0
3003 2882 1.0
3003 4340 1.0
4479 1313 1.0
4479 3014 1.0
1310 4336 1.0
1311 4336 1.0
2882 3019 1.0
1312 4336 1.0
1313 4336 1.0
3014 1311 1.0
3014 2882 1.0
3014 4340 1.0
1315 2980 1.0
3721 1715 1.0
1980 2237 1.0
1324 1322 1.0
1325 1325 1.0
1335 2546 1.0
1335 2551 1.0
3530 2547 1.0
1336 2546 1.0
1336 2551 1.0
3748 691 1.0
3748 1798 1.0
3748 1977 1.0
3748 2314 1.0
3748 3840 1.0
3748 4238 1.0
1370 1369 1.0
1382 902 1.0
4343 4344 1.0
4343 4563 1.0
1387 1948 1.0
2048 1394 1.0
2275 481 1.0
2275 1392 1.0
4222 4324 1.0
4034 4038 1.0
1398 2262 1.0
1399 2262 1.0
1400 2262 1.0
1402 2262 1.0
1404 2262 1.0
1408 578 1.0
1408 2768 1.0
1408 4150 1.0
3492 2111 1.0
3492 3986 1.0
1409 578 1.0
1409 2768 1.0
1409 4150 1.0
4159 4314 1.0
4467 4161 1.0
4467 4466 1.0
2880 3019 1.0
3955 3901 1.0
1411 2880 1.0
1411 3955 1.0
2773 2772 1.0
2773 4596 1.0
1412 2880 1.0
1412 3955 1.0
1413 1415 1.0
1413 1435 1.0
1434 1430 1.0
1415 1436 1.0
1435 1430 1.0
1414 1415 1.0
1414 1435 1.0
1437 1430 1.0
1436 1430 1.0
1416 1436 1.0
1441 1430 1.0
1417 4321 1.0
1418 1402 1.0
1418 2263 1.0
2733 2253 1.0
2733 2265 1.0
3171 1703 1.0
2734 2253 1.0
2734 2265 1.0
3172 1703 1.0
1424 1003 1.0
1424 1302 1.0
1424 2710 1.0
1424 2770 1.0
1424 4594 1.0
2771 2772 1.0
2771 4596 1.0
3957 3901 1.0
4595 3963 1.0
1425 3579 1.0
3055 1273 1.0
3055 3058 1.0
3792 3888 1.0
1438 1430 1.0
1439 1430 1.0
1448 1440 1.0
1448 1444 1.0
1448 1449 1.0
1440 1430 1.0
1444 1446 1.0
1444 1447 1.0
1449 1440 1.0
1449 1444 1.0
1449 1449 1.0
1446 1439 1.0
1446 1448 1.0
1446 3648 1.0
1447 1440 1.0
1447 1444 1.0
1447 1449 1.0
1445 1446 1.0
1445 1447 1.0
1451 1451 1.0
1451 1453 1.0
1452 1452 1.0
1454 1454 1.0
1455 1804 1.0
1455 3833 1.0
1458 1458 1.0
1458 1669 1.0
1458 3547 1.0
1669 3723 1.0
1462 1898 1.0
1657 3723 1.0
2490 2731 1.0
2490 3169 1.0
1463 1898 1.0
1658 3723 1.0
2133 1475 1.0
2133 1682 1.0
2133 1907 1.0
2133 4385 1.0
2384 704 1.0
4382 1108 1.0
1465 1898 1.0
1660 3723 1.0
2134 1475 1.0
2134 1682 1.0
2134 1907 1.0
2134 4385 1.0
2385 704 1.0
4383 1108 1.0
1466 1898 1.0
1662 3723 1.0
2135 1475 1.0
2135 1682 1.0
2135 1907 1.0
2135 4385 1.0
2386 704 1.0
4384 1108 1.0
1469 1898 1.0
3722 1715 1.0
1475 1898 1.0
1682 3723 1.0
4385 1108 1.0
1477 1898 1.0
1686 3723 1.0
1478 1898 1.0
1687 3723 1.0
1479 1898 1.0
1688 3723 1.0
2139 1475 1.0
2139 1682 1.0
2139 1907 1.0
2139 4385 1.0
2241 1477 1.0
2241 1686 1.0
2241 1909 1.0
1480 1898 1.0
1689 3723 1.0
1483 1898 1.0
1705 3723 1.0
3178 1703 1.0
3727 1715 1.0
1484 1898 1.0
1707 3723 1.0
2142 1475 1.0
2142 1682 1.0
2142 1907 1.0
2142 4385 1.0
2659 1694 1.0
3591 1713 1.0
3598 1714 1.0
3598 2660 1.0
3598 3599 1.0
4474 2922 1.0
4474 4233 1.0
1485 1898 1.0
1489 1898 1.0
1723 3723 1.0
3425 1485 1.0
3436 1917 1.0
1491 1898 1.0
2144 1475 1.0
2144 1682 1.0
2144 1907 1.0
2144 4385 1.0
4386 1108 1.0
3987 3787 1.0
3987 4312 1.0
1514 606 1.0
1514 1516 1.0
1520 1522 1.0
4371 49 1.0
4371 273 1.0
4371 2906 1.0
4371 3644 1.0
4371 4416 1.0
2010 2008 1.0
2010 4264 1.0
1553 1175 1.0
1553 3336 1.0
1955 2598 1.0
2597 2634 1.0
1561 1866 1.0
1866 1561 1.0
4171 4169 1.0
4172 4170 1.0
1571 1571 1.0
1571 2537 1.0
2537 467 1.0
1576 1577 1.0
1577 1576 1.0
1578 1576 1.0
1583 1583 1.0
1582 1583 1.0
1586 3 1.0
1587 3 1.0
4551 4549 1.0
1588 3 1.0
1590 875 1.0
3384 2320 1.0
1591 1596 1.0
1597 500 1.0
1597 1595 1.0
1599 1598 1.0
1599 1600 1.0
1596 500 1.0
1596 1595 1.0
1592 1596 1.0
1594 1594 1.0
1598 500 1.0
1598 1595 1.0
1600 1592 1.0
2543 666 1.0
2543 1017 1.0
2543 1623 1.0
1610 1608 1.0
1610 2543 1.0
1610 4426 1.0
2542 666 1.0
2542 1017 1.0
2542 1623 1.0
2943 4427 1.0
1612 84 1.0
1612 1877 1.0
1613 84 1.0
1613 1877 1.0
1622 3510 1.0
3491 2111 1.0
3491 3986 1.0
3674 3944 1.0
1619 3510 1.0
4561 1626 1.0
1620 3510 1.0
1621 3510 1.0
3549 3839 1.0
1624 3510 1.0
1625 3510 1.0
1626 3510 1.0
1627 3723 1.0
2726 2253 1.0
2726 2265 1.0
3723 1715 1.0
1628 3723 1.0
1629 3723 1.0
1635 3723 1.0
2972 1696 1.0
1638 3723 1.0
1641 3723 1.0
2025 1677 1.0
2025 3166 1.0
2025 4389 1.0
4388 1109 1.0
4388 4387 1.0
1642 3723 1.0
1645 3723 1.0
1646 3723 1.0
1651 3723 1.0
1652 3723 1.0
4526 4524 1.0
1653 3723 1.0
1654 3723 1.0
1655 3723 1.0
1659 3723 1.0
1661 3723 1.0
1671 3723 1.0
3724 1715 1.0
1672 3723 1.0
1675 3723 1.0
1677 3723 1.0
3166 1703 1.0
4389 1109 1.0
4389 4387 1.0
1684 3723 1.0
2369 894 1.0
2369 1159 1.0
2369 2081 1.0
1690 3723 1.0
1692 3723 1.0
4108 610 1.0
1694 3723 1.0
1696 3723 1.0
1703 3723 1.0
1704 3723 1.0
3177 1703 1.0
1706 3723 1.0
2141 1475 1.0
2141 1682 1.0
2141 1907 1.0
2141 4385 1.0
1709 3723 1.0
3065 895 1.0
3065 1102 1.0
3065 1481 1.0
3065 1699 1.0
3065 1838 1.0
3065 2242 1.0
3065 2346 1.0
3065 2430 1.0
3065 4268 1.0
1710 3723 1.0
3029 301 1.0
3029 3105 1.0
3029 3560 1.0
3029 4400 1.0
3561 908 1.0
3561 4274 1.0
1711 3723 1.0
1713 3723 1.0
1714 3723 1.0
2660 1694 1.0
3599 1714 1.0
3599 2660 1.0
3599 3599 1.0
1715 3723 1.0
1718 3723 1.0
1719 3723 1.0
1722 3723 1.0
1724 3723 1.0
1726 1671 1.0
1726 3724 1.0
2132 1475 1.0
2132 1682 1.0
2132 1907 1.0
2132 4385 1.0
1729 214 1.0
1744 1744 1.0
1748 1750 1.0
1748 3130 1.0
1748 4337 1.0
1751 1754 1.0
1751 3131 1.0
1751 4240 1.0
4243 914 1.0
1750 1754 1.0
1750 3131 1.0
1750 4240 1.0
1749 1750 1.0
1749 3130 1.0
1749 4337 1.0
1752 1754 1.0
1752 3131 1.0
1752 4240 1.0
1753 1755 1.0
1753 2777 1.0
1756 892 1.0
1756 3132 1.0
1756 3471 1.0
1756 4241 1.0
1754 892 1.0
1754 3132 1.0
1754 3471 1.0
1754 4241 1.0
1755 892 1.0
1755 3132 1.0
1755 3471 1.0
1755 4241 1.0
2777 1019 1.0
1757 1749 1.0
1757 1752 1.0
1757 1753 1.0
1757 1756 1.0
1757 3133 1.0
1837 608 1.0
1837 2695 1.0
1758 215 1.0
3373 3378 1.0
1770 3919 1.0
2999 1311 1.0
2999 2882 1.0
2999 4340 1.0
2228 3924 1.0
2228 3956 1.0
2776 1019 1.0
2177 2178 1.0
2177 2779 1.0
1783 2655 1.0
2930 1784 1.0
2655 1694 1.0
1784 2655 1.0
2091 3837 1.0
2191 2609 1.0
2310 3380 1.0
2787 1019 1.0
1807 1067 1.0
1821 823 1.0
1821 2436 1.0
1831 2711 1.0
2668 1304 1.0
4352 1004 1.0
4352 1064 1.0
4352 1305 1.0
4352 4577 1.0
4352 4597 1.0
1832 2711 1.0
2534 388 1.0
2534 4014 1.0
2721 1846 1.0
2724 1846 1.0
1863 3652 1.0
1869 485 1.0
1871 1869 1.0
1873 957 1.0
1873 1271 1.0
1873 3231 1.0
1873 3993 1.0
1874 958 1.0
1874 1872 1.0
4002 3999 1.0
1878 1612 1.0
4457 4461 1.0
4457 4463 1.0
1879 1879 1.0
2201 919 1.0
2201 1533 1.0
2201 3024 1.0
2201 4681 1.0
2243 1477 1.0
2243 1686 1.0
2243 1909 1.0
1982 1986 1.0
1985 1984 1.0
1985 1987 1.0
1988 1984 1.0
1988 1987 1.0
3245 504 1.0
3245 1931 1.0
3245 2395 1.0
3245 2398 1.0
3245 3403 1.0
3245 4702 1.0
1957 2598 1.0
3407 3404 1.0
2397 1556 1.0
2397 3402 1.0
4153 1719 1.0
4153 1933 1.0
1935 3102 1.0
1936 3102 1.0
1939 45 1.0
1941 45 1.0
2598 2634 1.0
1956 2598 1.0
1959 2598 1.0
2599 2634 1.0
1960 2598 1.0
1964 4700 1.0
3497 398 1.0
1965 4700 1.0
3498 398 1.0
3732 1973 1.0
3732 3536 1.0
1986 1984 1.0
1986 1987 1.0
1984 1986 1.0
1987 1984 1.0
1987 1987 1.0
1995 1675 1.0
1996 1675 1.0
3597 1714 1.0
3597 2660 1.0
3597 3599 1.0
1997 1675 1.0
2000 2000 1.0
4264 930 1.0
4265 930 1.0
2013 712 1.0
2013 2015 1.0
2013 3242 1.0
2017 1280 1.0
2017 4310 1.0
2509 286 1.0
2509 1006 1.0
3866 119 1.0
3866 335 1.0
3866 358 1.0
3866 533 1.0
3866 995 1.0
3866 2023 1.0
3866 2044 1.0
3866 2527 1.0
3866 2671 1.0
3866 3518 1.0
2024 2024 1.0
2038 531 1.0
2038 568 1.0
2038 2365 1.0
4117 36 1.0
4117 2037 1.0
2046 43 1.0
2046 2045 1.0
2046 2358 1.0
2046 4576 1.0
2047 43 1.0
2047 2045 1.0
2047 2358 1.0
2047 4576 1.0
2584 44 1.0
2584 1303 1.0
2051 2051 1.0
2053 2053 1.0
2093 3567 1.0
2093 4266 1.0
3567 572 1.0
3567 909 1.0
4266 930 1.0
2100 2099 1.0
2101 2102 1.0
2102 2101 1.0
2102 3335 1.0
2103 2103 1.0
2103 2104 1.0
2106 4024 1.0
2106 4031 1.0
4029 4038 1.0
4024 4036 1.0
4024 4057 1.0
4024 4634 1.0
4031 4038 1.0
3986 3787 1.0
3986 4312 1.0
2145 1272 1.0
2145 3858 1.0
2145 3994 1.0
3857 1274 1.0
3857 3998 1.0
2148 2157 1.0
2153 2158 1.0
2157 2158 1.0
2150 2157 1.0
2164 2158 1.0
2697 2705 1.0
2697 2894 1.0
2151 2158 1.0
2621 1845 1.0
2158 2158 1.0
2155 2158 1.0
2156 2158 1.0
2159 2158 1.0
2161 2158 1.0
2162 2158 1.0
2163 2158 1.0
2622 1845 1.0
3870 3021 1.0
2165 2158 1.0
2166 2158 1.0
3873 2163 1.0
3873 2622 1.0
3873 3870 1.0
3760 4633 1.0
3179 1703 1.0
3424 1485 1.0
3435 1917 1.0
4244 914 1.0
2178 4581 1.0
2779 1019 1.0
4581 2187 1.0
4581 2783 1.0
4581 2987 1.0
4581 3343 1.0
4581 3400 1.0
2180 2780 1.0
2180 2981 1.0
2180 4601 1.0
2780 1019 1.0
4601 2989 1.0
4601 2994 1.0
2181 2780 1.0
2181 2981 1.0
2181 4601 1.0
2182 2780 1.0
2182 2981 1.0
2182 4601 1.0
2183 2780 1.0
2183 2981 1.0
2183 4601 1.0
2184 2780 1.0
2184 2981 1.0
2184 4601 1.0
2186 2780 1.0
2186 2981 1.0
2186 4601 1.0
2964 3020 1.0
3126 8 1.0
3260 3476 1.0
3260 3935 1.0
3676 3944 1.0
4584 2187 1.0
4584 2783 1.0
4584 2987 1.0
4584 3343 1.0
4584 3400 1.0
4607 2989 1.0
4607 2994 1.0
4639 2786 1.0
4639 4611 1.0
2187 2780 1.0
2187 2981 1.0
2187 4601 1.0
2783 1019 1.0
3400 554 1.0
3400 2185 1.0
4477 2212 1.0
2222 1878 1.0
2222 3923 1.0
2222 4457 1.0
3782 2007 1.0
2223 1878 1.0
2223 3923 1.0
2223 4457 1.0
4456 4461 1.0
4456 4463 1.0
2224 1878 1.0
2224 3923 1.0
2224 4457 1.0
3310 888 1.0
3310 1321 1.0
3310 2984 1.0
3310 3656 1.0
2225 1878 1.0
2225 3923 1.0
2225 4457 1.0
2227 1684 1.0
2227 2369 1.0
2370 1288 1.0
2370 2936 1.0
2370 2938 1.0
2370 3970 1.0
3956 3901 1.0
2229 3924 1.0
2229 3956 1.0
2248 1169 1.0
2248 3416 1.0
2273 4692 1.0
2282 2283 1.0
2286 4683 1.0
2297 1478 1.0
2297 1687 1.0
2302 1370 1.0
3574 193 1.0
2304 2304 1.0
2307 446 1.0
2307 686 1.0
2309 2309 1.0
4001 3999 1.0
3685 2375 1.0
3770 2886 1.0
3770 3945 1.0
3770 3958 1.0
2315 2315 1.0
2320 381 1.0
2320 4054 1.0
4286 2323 1.0
2324 4622 1.0
4622 2324 1.0
2327 1956 1.0
2328 2685 1.0
2596 2634 1.0
2338 2342 1.0
2343 2343 1.0
2343 3553 1.0
3553 60 1.0
4144 139 1.0
4144 1505 1.0
4144 4148 1.0
3790 3888 1.0
3568 572 1.0
3568 909 1.0
2354 2355 1.0
2355 2355 1.0
2357 2357 1.0
2357 3309 1.0
3265 2427 1.0
3265 2631 1.0
4166 351 1.0
4166 2363 1.0
4166 3061 1.0
2371 2716 1.0
2373 3930 1.0
2375 3930 1.0
2387 704 1.0
2502 1421 1.0
2502 2733 1.0
2502 3171 1.0
2732 2253 1.0
2732 2265 1.0
3170 1703 1.0
2405 2405 1.0
2411 107 1.0
2411 150 1.0
2411 457 1.0
2413 2422 1.0
2413 4407 1.0
2419 2416 1.0
2422 2416 1.0
4407 594 1.0
2414 2422 1.0
2414 4407 1.0
2415 2422 1.0
2415 4407 1.0
2421 2416 1.0
2416 2422 1.0
2416 4407 1.0
2417 2422 1.0
2417 4407 1.0
2423 2416 1.0
4194 955 1.0
4267 930 1.0
3397 1395 1.0
3397 4034 1.0
4199 955 1.0
4281 930 1.0
4402 931 1.0
4402 4280 1.0
2443 2082 1.0
2443 3043 1.0
2444 2082 1.0
2444 3043 1.0
2497 333 1.0
2497 763 1.0
2497 809 1.0
2497 1691 1.0
2497 2031 1.0
2497 2388 1.0
2497 2494 1.0
2497 3116 1.0
4012 4046 1.0
2469 906 1.0
2469 2083 1.0
2469 2231 1.0
3585 473 1.0
3585 1013 1.0
3585 4275 1.0
3587 4276 1.0
2478 374 1.0
2831 1212 1.0
2831 2834 1.0
2831 2840 1.0
2839 1213 1.0
2486 2831 1.0
2486 2839 1.0
2835 1212 1.0
2835 2834 1.0
2835 2840 1.0
2852 1215 1.0
2852 2487 1.0
2852 2836 1.0
2852 2847 1.0
2852 2855 1.0
2489 2731 1.0
2489 3169 1.0
2499 1421 1.0
2499 2733 1.0
2499 3171 1.0
3163 1703 1.0
2731 2253 1.0
2731 2265 1.0
3169 1703 1.0
2493 2387 1.0
2493 2502 1.0
2493 2732 1.0
2493 3170 1.0
2501 1421 1.0
2501 2733 1.0
2501 3171 1.0
2504 1422 1.0
2504 2734 1.0
2504 3172 1.0
2504 3195 1.0
2730 2253 1.0
2730 2265 1.0
2902 289 1.0
2902 810 1.0
3168 1703 1.0
2508 1564 1.0
2508 1942 1.0
2508 2506 1.0
2513 3465 1.0
2514 3465 1.0
3638 2088 1.0
2522 230 1.0
2522 1357 1.0
2522 3501 1.0
2536 2536 1.0
3531 2547 1.0
2833 1212 1.0
2833 2834 1.0
2833 2840 1.0
4536 1221 1.0
2561 2833 1.0
2561 4536 1.0
2825 1212 1.0
2825 2834 1.0
2825 2840 1.0
4535 1221 1.0
2885 3019 1.0
3775 2886 1.0
3775 3945 1.0
3775 3958 1.0
2590 1349 1.0
2591 3717 1.0
2592 3717 1.0
2594 3934 1.0
2594 4338 1.0
2595 3934 1.0
2595 4338 1.0
3303 2602 1.0
2606 2606 1.0
2610 2610 1.0
2611 2610 1.0
2612 2610 1.0
2613 2610 1.0
2626 1570 1.0
2627 1570 1.0
3967 3902 1.0
2637 1586 1.0
2822 157 1.0
2647 2647 1.0
2647 3155 1.0
2649 3331 1.0
3331 2649 1.0
2651 3251 1.0
3250 1379 1.0
3251 1379 1.0
2653 1694 1.0
2654 1694 1.0
2656 1694 1.0
2669 1304 1.0
4295 4303 1.0
2677 134 1.0
2677 1500 1.0
2677 3786 1.0
2677 4395 1.0
3298 2330 1.0
4156 4314 1.0
4125 2691 1.0
2739 2253 1.0
2739 2265 1.0
2740 2253 1.0
2740 2265 1.0
2741 2253 1.0
2741 2265 1.0
2742 2253 1.0
2742 2265 1.0
3451 2739 1.0
3451 3204 1.0
4651 2742 1.0
4651 3451 1.0
4651 4651 1.0
4651 4661 1.0
4651 4665 1.0
4661 831 1.0
4661 2270 1.0
4661 2743 1.0
4661 3209 1.0
4661 3288 1.0
4661 3452 1.0
4665 832 1.0
4665 977 1.0
4665 1725 1.0
4665 2271 1.0
4665 2440 1.0
4665 2744 1.0
4665 3210 1.0
4665 3289 1.0
4665 3453 1.0
4665 4652 1.0
4665 4662 1.0
4665 4666 1.0
2746 557 1.0
2746 973 1.0
2746 1423 1.0
2746 1695 1.0
2746 2266 1.0
2746 3173 1.0
2746 3196 1.0
2746 3212 1.0
2746 4684 1.0
2747 557 1.0
2747 973 1.0
2747 1423 1.0
2747 1695 1.0
2747 2266 1.0
2747 3173 1.0
2747 3196 1.0
2747 3212 1.0
2747 4684 1.0
2751 692 1.0
2751 2752 1.0
3859 1274 1.0
3859 3998 1.0
2781 1019 1.0
2755 2781 1.0
2756 369 1.0
2756 883 1.0
2756 2754 1.0
2756 2757 1.0
2756 2759 1.0
2758 2755 1.0
2758 2756 1.0
2758 2758 1.0
2758 2760 1.0
2758 2763 1.0
2763 370 1.0
2763 884 1.0
2763 2761 1.0
2762 370 1.0
2762 884 1.0
2762 2761 1.0
2772 2772 1.0
2772 4596 1.0
4596 3963 1.0
2775 1019 1.0
4600 2989 1.0
4600 2994 1.0
2784 1019 1.0
3960 3901 1.0
4585 2187 1.0
4585 2783 1.0
4585 2987 1.0
4585 3343 1.0
4585 3400 1.0
4610 2989 1.0
4610 2994 1.0
2785 1019 1.0
2786 1019 1.0
4611 2989 1.0
4611 2994 1.0
2789 2792 1.0
2789 2794 1.0
2792 2792 1.0
2792 2794 1.0
2794 2793 1.0
2794 2795 1.0
2794 2816 1.0
2793 2792 1.0
2793 2794 1.0
2795 2793 1.0
2795 2795 1.0
2795 2816 1.0
2816 2814 1.0
2796 2793 1.0
2796 2795 1.0
2796 2816 1.0
2803 4514 1.0
2804 4514 1.0
2815 2814 1.0
2817 2818 1.0
2818 2817 1.0
2838 1212 1.0
2838 2834 1.0
2838 2840 1.0
2841 1213 1.0
2843 1214 1.0
2856 960 1.0
2864 3624 1.0
3624 2959 1.0
2881 3019 1.0
2869 2881 1.0
2871 3019 1.0
2875 3019 1.0
3769 2886 1.0
3769 3945 1.0
3769 3958 1.0
2884 3019 1.0
3774 2886 1.0
3774 3945 1.0
3774 3958 1.0
2886 3019 1.0
3958 3901 1.0
2889 3019 1.0
2890 3019 1.0
2891 3019 1.0
4642 3953 1.0
2899 288 1.0
2899 2897 1.0
2905 289 1.0
2905 810 1.0
3641 2088 1.0
2908 289 1.0
2908 810 1.0
4614 3802 1.0
4228 2910 1.0
4228 3125 1.0
3125 8 1.0
2914 851 1.0
2914 1614 1.0
2918 3223 1.0
3223 2918 1.0
2922 2913 1.0
4233 22 1.0
4233 935 1.0
2928 1227 1.0
2929 3047 1.0
3047 3049 1.0
4454 612 1.0
4454 2932 1.0
2942 4427 1.0
4026 2945 1.0
2945 4427 1.0
3848 3854 1.0
3848 4208 1.0
4206 3855 1.0
4206 4209 1.0
3849 3854 1.0
3849 4208 1.0
3625 2959 1.0
2962 2963 1.0
2963 3020 1.0
2965 86 1.0
2965 1020 1.0
2965 3968 1.0
2965 4180 1.0
2966 86 1.0
2966 1020 1.0
2966 3968 1.0
2966 4180 1.0
2968 86 1.0
2968 1020 1.0
2968 3968 1.0
2968 4180 1.0
2973 4452 1.0
2974 2974 1.0
3012 1311 1.0
3012 2882 1.0
3012 4340 1.0
3305 4138 1.0
4442 4441 1.0
2994 2983 1.0
2993 2983 1.0
3675 3944 1.0
4606 2989 1.0
4606 2994 1.0
2995 2995 1.0
3006 1311 1.0
3006 2882 1.0
3006 4340 1.0
3007 1311 1.0
3007 2882 1.0
3007 4340 1.0
3009 1311 1.0
3009 2882 1.0
3009 4340 1.0
3876 3875 1.0
3010 1311 1.0
3010 2882 1.0
3010 4340 1.0
3011 1311 1.0
3011 2882 1.0
3011 4340 1.0
4282 3013 1.0
3013 1311 1.0
3013 2882 1.0
3013 4340 1.0
3026 3028 1.0
3030 301 1.0
3030 3105 1.0
3030 3560 1.0
3030 4400 1.0
3332 1710 1.0
3332 3029 1.0
3332 3561 1.0
3332 4548 1.0
3562 908 1.0
3562 4274 1.0
3031 3033 1.0
3049 3048 1.0
3056 1273 1.0
3056 3058 1.0
3057 1273 1.0
3057 3058 1.0
3059 3056 1.0
3060 2362 1.0
3062 2362 1.0
3063 895 1.0
3063 1102 1.0
3063 1481 1.0
3063 1699 1.0
3063 1838 1.0
3063 2242 1.0
3063 2346 1.0
3063 2430 1.0
3063 4268 1.0
3068 895 1.0
3068 1102 1.0
3068 1481 1.0
3068 1699 1.0
3068 1838 1.0
3068 2242 1.0
3068 2346 1.0
3068 2430 1.0
3068 4268 1.0
3070 3006 1.0
3071 3006 1.0
3072 1618 1.0
3086 3079 1.0
3087 3079 1.0
3084 3079 1.0
4492 11 1.0
3099 3099 1.0
3103 216 1.0
3103 907 1.0
3103 927 1.0
3103 2036 1.0
3103 3569 1.0
3103 4250 1.0
3103 4269 1.0
3110 3147 1.0
3117 1404 1.0
3121 8 1.0
3122 8 1.0
3771 2886 1.0
3771 3945 1.0
3771 3958 1.0
3128 3884 1.0
3136 3136 1.0
3493 2111 1.0
3493 3986 1.0
3149 3149 1.0
3151 3148 1.0
3157 3159 1.0
4290 3314 1.0
4290 3710 1.0
4290 4302 1.0
3159 3156 1.0
3159 3714 1.0
3161 304 1.0
3161 334 1.0
3161 463 1.0
3161 558 1.0
3161 828 1.0
3161 974 1.0
3161 1033 1.0
3161 1482 1.0
3161 1702 1.0
3161 1915 1.0
3161 2032 1.0
3161 2061 1.0
3161 2085 1.0
3161 2128 1.0
3161 2267 1.0
3161 2390 1.0
3161 2491 1.0
3161 2495 1.0
3161 2503 1.0
3161 3108 1.0
3161 3176 1.0
3161 3199 1.0
3161 3213 1.0
3161 3447 1.0
3161 4197 1.0
3161 4272 1.0
3180 1703 1.0
3893 3206 1.0
3893 3893 1.0
3225 212 1.0
3225 3996 1.0
3227 212 1.0
3227 3996 1.0
3229 212 1.0
3229 3996 1.0
3477 395 1.0
3477 3228 1.0
3477 3358 1.0
3477 4640 1.0
4637 2891 1.0
4637 4642 1.0
4641 3953 1.0
4520 3233 1.0
3728 1715 1.0
3237 1105 1.0
3237 1708 1.0
3237 2143 1.0
3237 3236 1.0
3237 3240 1.0
3237 3729 1.0
3258 3258 1.0
3476 506 1.0
3476 2782 1.0
3476 2985 1.0
3476 4582 1.0
3476 4605 1.0
4063 2417 1.0
3293 3268 1.0
4203 3279 1.0
3304 3304 1.0
4138 2986 1.0
4138 3012 1.0
4138 3015 1.0
4138 3305 1.0
4138 4010 1.0
4138 4442 1.0
3314 4119 1.0
4302 4303 1.0
3323 1217 1.0
3325 3325 1.0
4698 871 1.0
4698 3330 1.0
4698 4137 1.0
3333 3333 1.0
3337 3369 1.0
3337 3937 1.0
3370 4493 1.0
3369 4493 1.0
3345 3344 1.0
3346 3344 1.0
3353 3351 1.0
3353 3355 1.0
3354 3072 1.0
3355 3072 1.0
3356 3072 1.0
3371 4493 1.0
4493 11 1.0
3387 3387 1.0
3388 3388 1.0
3850 3854 1.0
3850 4208 1.0
4207 3855 1.0
4207 4209 1.0
4003 3999 1.0
3459 1178 1.0
4185 2740 1.0
3796 3888 1.0
3456 3456 1.0
3488 2111 1.0
3488 3986 1.0
3489 2111 1.0
3489 3986 1.0
3494 2111 1.0
3494 3986 1.0
3495 2111 1.0
3495 3986 1.0
3505 383 1.0
3507 383 1.0
3515 2123 1.0
3513 3515 1.0
3514 3515 1.0
3522 3523 1.0
3523 3523 1.0
3526 3524 1.0
3526 3526 1.0
3525 3524 1.0
3525 3526 1.0
3529 3940 1.0
3545 3540 1.0
3545 3809 1.0
3812 3810 1.0
3550 3839 1.0
3554 60 1.0
3563 908 1.0
3563 4274 1.0
4401 931 1.0
4401 4280 1.0
3586 4276 1.0
4276 930 1.0
3618 4449 1.0
3626 126 1.0
3626 435 1.0
3626 937 1.0
3626 2407 1.0
3626 3627 1.0
4498 975 1.0
4498 2268 1.0
4498 3286 1.0
4498 3449 1.0
4498 4659 1.0
4498 4664 1.0
3655 3044 1.0
3668 3666 1.0
3669 3666 1.0
3670 3666 1.0
3681 3814 1.0
4071 138 1.0
4071 512 1.0
4071 1282 1.0
4071 1504 1.0
4071 2019 1.0
4071 4313 1.0
4234 3692 1.0
4234 4072 1.0
4234 4301 1.0
4234 4316 1.0
4300 4303 1.0
4315 4304 1.0
4072 138 1.0
4072 512 1.0
4072 1282 1.0
4072 1504 1.0
4072 2019 1.0
4072 4313 1.0
4301 4303 1.0
4316 4304 1.0
3702 3703 1.0
3984 3709 1.0
3731 1715 1.0
4671 1796 1.0
4671 2787 1.0
4671 2990 1.0
3754 3756 1.0
3757 3755 1.0
3756 3755 1.0
4633 3761 1.0
3761 4633 1.0
3763 3763 1.0
3765 3765 1.0
3773 2886 1.0
3773 3945 1.0
3773 3958 1.0
3776 2886 1.0
3776 3945 1.0
3776 3958 1.0
3959 3901 1.0
3778 2886 1.0
3778 3945 1.0
3778 3958 1.0
4312 4304 1.0
3791 3888 1.0
3793 3888 1.0
4294 4303 1.0
3794 3888 1.0
3797 3888 1.0
3798 3888 1.0
3799 3888 1.0
3800 3888 1.0
3801 3888 1.0
3802 3888 1.0
3804 3888 1.0
3805 3888 1.0
4306 4303 1.0
4630 3804 1.0
3807 3807 1.0
3811 3810 1.0
3813 3810 1.0
3821 3818 1.0
3822 3818 1.0
3824 154 1.0
4305 4303 1.0
4580 2187 1.0
4580 2783 1.0
4580 2987 1.0
4580 3343 1.0
4580 3400 1.0
4208 3855 1.0
4208 4209 1.0
4209 3855 1.0
4209 4209 1.0
4224 4223 1.0
3860 3538 1.0
3983 3709 1.0
3871 3021 1.0
3875 3010 1.0
4528 3949 1.0
3961 3901 1.0
3962 3901 1.0
3963 3901 1.0
3969 3971 1.0
3971 2937 1.0
3971 2940 1.0
3977 524 1.0
3977 3978 1.0
3979 3011 1.0
3979 4282 1.0
3985 3787 1.0
3985 4312 1.0
4293 4303 1.0
4009 4009 1.0
4011 4046 1.0
4016 1181 1.0
4016 4017 1.0
4023 4023 1.0
4036 4038 1.0
4634 4058 1.0
4038 4038 1.0
4043 4042 1.0
4044 4042 1.0
4062 2417 1.0
4067 1052 1.0
4067 1405 1.0
4082 2838 1.0
4082 2841 1.0
4084 2838 1.0
4084 2841 1.0
4087 3554 1.0
4088 2124 1.0
4089 4091 1.0
4089 4094 1.0
4089 4095 1.0
4089 4097 1.0
4089 4100 1.0
4096 553 1.0
4096 4092 1.0
4096 4098 1.0
4094 552 1.0
4095 553 1.0
4095 4092 1.0
4095 4098 1.0
4097 4089 1.0
4097 4093 1.0
4097 4096 1.0
4090 4091 1.0
4090 4094 1.0
4090 4095 1.0
4090 4097 1.0
4090 4100 1.0
4105 4105 1.0
4114 3495 1.0
4114 4116 1.0
4124 4121 1.0
4314 4304 1.0
4160 4314 1.0
4161 4314 1.0
4466 4160 1.0
4165 1323 1.0
4165 1980 1.0
4346 4345 1.0
4169 4169 1.0
4170 4169 1.0
4173 4592 1.0
4174 4592 1.0
4176 4175 1.0
4176 4593 1.0
4175 4592 1.0
4205 3855 1.0
4205 4209 1.0
4219 2889 1.0
4225 4225 1.0
4232 22 1.0
4232 935 1.0
4473 2922 1.0
4473 4233 1.0
4256 4255 1.0
4257 4255 1.0
4291 3314 1.0
4291 3710 1.0
4291 4302 1.0
4297 4303 1.0
4303 4303 1.0
4299 4303 1.0
4304 4303 1.0
4318 4318 1.0
4320 4319 1.0
4320 4320 1.0
4347 1004 1.0
4347 1064 1.0
4347 1305 1.0
4347 4577 1.0
4347 4597 1.0
4354 4354 1.0
4356 2513 1.0
4362 725 1.0
4362 4360 1.0
4373 4373 1.0
4374 2798 1.0
4374 4375 1.0
4377 4213 1.0
4399 931 1.0
4399 4280 1.0
4404 594 1.0
4410 4409 1.0
4413 4412 1.0
4413 4415 1.0
4420 4420 1.0
4437 2741 1.0
4439 3601 1.0
4441 1625 1.0
4441 3486 1.0
4608 2989 1.0
4608 2994 1.0
4472 474 1.0
4472 4471 1.0
4483 2112 1.0
4484 2112 1.0
4486 165 1.0
4501 4501 1.0
4501 4609 1.0
4609 2989 1.0
4609 2994 1.0
4507 4503 1.0
4527 4524 1.0
4534 1221 1.0
4537 1221 1.0
4540 2353 1.0
4541 2353 1.0
4542 2353 1.0
4552 2961 1.0
4579 2187 1.0
4579 2783 1.0
4579 2987 1.0
4579 3343 1.0
4579 3400 1.0
4583 2187 1.0
4583 2783 1.0
4583 2987 1.0
4583 3343 1.0
4583 3400 1.0
4587 2784 1.0
4587 2988 1.0
4587 3950 1.0
4587 3960 1.0
4587 4585 1.0
4587 4610 1.0
4638 2891 1.0
4638 4642 1.0
4603 2989 1.0
4603 2994 1.0
4612 451 1.0
4617 680 1.0
4617 3803 1.0
4620 4620 1.0
4697 1965 1.0
4697 3498 1.0
4697 4701 1.0
4697 4708 1.0
4710 387 1.0
4714 3805 1.0
4714 4306 1.0
4714 4381 1.0
4714 4630 1.0
